0 4380 10 124 1000034.8576 1000037.3896 2.5320 2.5320 1.0000 3/3//3 0/0/0 0.0000 
2 4380 82 67 1000124.0644 1000126.5964 2.5320 2.5320 1.0000 3/3//3 0/0/0 0.0000 
3 1460 85 19 1000131.7075 1000133.6395 1.9320 1.9320 1.0000 1/1//1 0/0/0 0.0000 
4 1460 102 94 1000139.5188 1000141.4508 1.9320 1.9320 1.0000 1/1//1 0/0/0 0.0000 
5 1460 97 3 1000140.2866 1000142.2186 1.9320 1.9320 1.0000 1/1//1 0/0/0 0.0000 
6 1460 62 58 1000160.6670 1000161.7910 1.1240 1.1240 1.0000 1/1//1 0/0/0 0.0000 
1 372300 95 116 1000089.3387 1000167.4714 78.1326 78.1320 1.0000 255/255//255 0/0/0 0.0000 
7 1460 99 0 1000200.7229 1000202.6549 1.9320 1.9320 1.0000 1/1//1 0/0/0 0.0000 
8 1460 26 66 1000202.9700 1000204.9020 1.9320 1.9320 1.0000 1/1//1 0/0/0 0.0000 
9 1460 87 1 1000255.9881 1000257.9201 1.9320 1.9320 1.0000 1/1//1 0/0/0 0.0000 
10 1460 83 126 1000272.1429 1000274.0749 1.9320 1.9320 1.0000 1/1//1 0/0/0 0.0000 
11 1460 121 9 1000298.6668 1000300.5988 1.9320 1.9320 1.0000 1/1//1 0/0/0 0.0000 
12 1460 110 93 1000300.0164 1000301.9484 1.9320 1.9320 1.0000 1/1//1 0/0/0 0.0000 
13 1460 86 142 1000314.5143 1000316.4463 1.9320 1.9320 1.0000 1/1//1 0/0/0 0.0000 
14 1460 96 4 1000320.6360 1000322.5680 1.9320 1.9320 1.0000 1/1//1 0/0/0 0.0000 
16 1460 56 141 1000329.9175 1000331.8495 1.9320 1.9320 1.0000 1/1//1 0/0/0 0.0000 
17 1460 141 23 1000339.8470 1000341.7790 1.9320 1.9320 1.0000 1/1//1 0/0/0 0.0000 
18 1460 68 10 1000347.4051 1000349.3371 1.9320 1.9320 1.0000 1/1//1 0/0/0 0.0000 
15 178120 137 48 1000323.4579 1000361.6899 38.2320 38.2320 1.0000 122/122//122 0/0/0 0.0000 
20 1460 91 62 1000369.7376 1000371.6696 1.9320 1.9320 1.0000 1/1//1 0/0/0 0.0000 
21 1460 12 31 1000370.4835 1000372.4155 1.9320 1.9320 1.0000 1/1//1 0/0/0 0.0000 
19 316820 58 41 1000359.4402 1000426.1722 66.7320 66.7320 1.0000 217/217//217 0/0/0 0.0000 
22 1460 68 10 1000502.3205 1000504.2525 1.9320 1.9320 1.0000 1/1//1 0/0/0 0.0000 
23 2920 122 30 1000507.2409 1000509.4729 2.2320 2.2320 1.0000 2/2//2 0/0/0 0.0000 
24 1460 73 98 1000525.3809 1000527.3129 1.9320 1.9320 1.0000 1/1//1 0/0/0 0.0000 
25 4380 63 137 1000526.0491 1000528.5811 2.5320 2.5320 1.0000 3/3//3 0/0/0 0.0000 
27 1460 44 20 1000539.7658 1000541.6978 1.9320 1.9320 1.0000 1/1//1 0/0/0 0.0000 
28 1460 15 51 1000541.9466 1000543.8786 1.9320 1.9320 1.0000 1/1//1 0/0/0 0.0000 
29 7300 50 29 1000564.8099 1000567.9419 3.1320 3.1320 1.0000 5/5//5 0/0/0 0.0000 
30 1460 67 82 1000585.3301 1000587.2621 1.9320 1.9320 1.0000 1/1//1 0/0/0 0.0000 
31 1460 94 39 1000586.1636 1000588.0956 1.9320 1.9320 1.0000 1/1//1 0/0/0 0.0000 
32 1460 73 98 1000598.5139 1000600.4459 1.9320 1.9320 1.0000 1/1//1 0/0/0 0.0000 
33 1460 96 4 1000598.5639 1000600.4959 1.9320 1.9320 1.0000 1/1//1 0/0/0 0.0000 
34 1460 125 64 1000610.6947 1000612.6267 1.9320 1.9320 1.0000 1/1//1 0/0/0 0.0000 
35 1460 17 128 1000632.7922 1000634.7242 1.9320 1.9320 1.0000 1/1//1 0/0/0 0.0000 
36 1460 65 18 1000650.7000 1000652.6320 1.9320 1.9320 1.0000 1/1//1 0/0/0 0.0000 
37 1460 7 105 1000654.1177 1000656.0497 1.9320 1.9320 1.0000 1/1//1 0/0/0 0.0000 
38 1460 118 91 1000704.7578 1000706.6898 1.9320 1.9320 1.0000 1/1//1 0/0/0 0.0000 
39 1460 94 39 1000715.0044 1000716.9364 1.9320 1.9320 1.0000 1/1//1 0/0/0 0.0000 
40 10220 107 38 1000724.4644 1000728.1964 3.7320 3.7320 1.0000 7/7//7 0/0/0 0.0000 
41 1460 85 19 1000740.4899 1000742.4219 1.9320 1.9320 1.0000 1/1//1 0/0/0 0.0000 
43 1460 42 43 1000779.2948 1000780.4188 1.1240 1.1240 1.0000 1/1//1 0/0/0 0.0000 
44 1460 125 64 1000812.6227 1000814.5547 1.9320 1.9320 1.0000 1/1//1 0/0/0 0.0000 
45 1460 9 100 1000836.8407 1000838.7727 1.9320 1.9320 1.0000 1/1//1 0/0/0 0.0000 
46 2920 122 30 1000846.1308 1000848.3628 2.2320 2.2320 1.0000 2/2//2 0/0/0 0.0000 
47 4380 87 1 1000898.7615 1000901.2935 2.5320 2.5320 1.0000 3/3//3 0/0/0 0.0000 
48 10220 109 49 1000913.2595 1000916.9915 3.7320 3.7320 1.0000 7/7//7 0/0/0 0.0000 
49 5840 50 29 1000938.2135 1000941.0455 2.8320 2.8320 1.0000 4/4//4 0/0/0 0.0000 
50 2920 82 67 1000950.3902 1000952.6222 2.2320 2.2320 1.0000 2/2//2 0/0/0 0.0000 
51 1460 119 36 1000973.2294 1000975.1614 1.9320 1.9320 1.0000 1/1//1 0/0/0 0.0000 
53 1460 131 127 1001017.5227 1001019.4547 1.9320 1.9320 1.0000 1/1//1 0/0/0 0.0000 
54 1460 132 13 1001037.1462 1001039.0782 1.9320 1.9320 1.0000 1/1//1 0/0/0 0.0000 
55 1460 121 9 1001051.2262 1001053.1582 1.9320 1.9320 1.0000 1/1//1 0/0/0 0.0000 
52 236520 35 69 1001007.0174 1001057.2494 50.2320 50.2320 1.0000 162/162//162 0/0/0 0.0000 
57 4380 30 121 1001066.3254 1001068.8574 2.5320 2.5320 1.0000 3/3//3 0/0/0 0.0000 
58 1460 89 103 1001086.8466 1001088.8190 1.9724 1.9320 1.0209 1/1//1 0/0/0 0.0000 
59 1460 56 141 1001102.0789 1001104.0109 1.9320 1.9320 1.0000 1/1//1 0/0/0 0.0000 
60 1460 43 143 1001103.4146 1001105.3466 1.9320 1.9320 1.0000 1/1//1 0/0/0 0.0000 
61 1460 134 5 1001104.6497 1001106.6718 2.0221 1.9320 1.0466 1/1//1 0/0/0 0.0901 
62 1460 92 123 1001115.8048 1001117.7368 1.9320 1.9320 1.0000 1/1//1 0/0/0 0.0000 
63 2920 45 90 1001118.3034 1001120.5354 2.2320 2.2320 1.0000 2/2//2 0/0/0 0.0000 
64 1460 70 25 1001119.4427 1001121.3747 1.9320 1.9320 1.0000 1/1//1 0/0/0 0.0000 
42 1760760 59 21 1000773.9173 1001137.3859 363.4686 363.4320 1.0001 1206/1206//1206 0/0/0 0.0000 
65 2920 79 115 1001138.6748 1001140.9068 2.2320 2.2320 1.0000 2/2//2 0/0/0 0.0000 
66 1460 3 99 1001147.1218 1001149.0538 1.9320 1.9320 1.0000 1/1//1 0/0/0 0.0000 
69 1460 96 4 1001210.7061 1001212.6468 1.9407 1.9320 1.0045 1/1//1 0/0/0 0.0000 
70 1460 118 91 1001215.2592 1001217.1912 1.9320 1.9320 1.0000 1/1//1 0/0/0 0.0000 
71 1460 143 96 1001225.1478 1001227.0798 1.9320 1.9320 1.0000 1/1//1 0/0/0 0.0000 
72 1460 47 86 1001229.3761 1001231.3081 1.9320 1.9320 1.0000 1/1//1 0/0/0 0.0000 
67 256960 32 76 1001198.4670 1001254.0516 55.5846 54.4320 1.0212 176/176//176 0/0/0 0.0000 
75 2920 17 128 1001254.8809 1001257.1129 2.2320 2.2320 1.0000 2/2//2 0/0/0 0.0000 
74 8760 34 7 1001254.3371 1001257.8298 3.4927 3.4320 1.0177 6/6//6 0/0/0 0.0000 
76 1460 69 47 1001256.2647 1001258.1967 1.9320 1.9320 1.0000 1/1//1 0/0/0 0.0000 
77 1460 23 56 1001265.6946 1001267.6266 1.9320 1.9320 1.0000 1/1//1 0/0/0 0.0000 
78 1460 97 3 1001290.4063 1001292.3383 1.9320 1.9320 1.0000 1/1//1 0/0/0 0.0000 
79 1460 30 121 1001316.1489 1001318.1428 1.9940 1.9320 1.0321 1/1//1 0/0/0 0.0000 
80 1460 129 102 1001323.1365 1001325.0685 1.9320 1.9320 1.0000 1/1//1 0/0/0 0.0000 
82 1460 112 119 1001353.6675 1001354.7915 1.1240 1.1240 1.0000 1/1//1 0/0/0 0.0000 
81 115340 19 24 1001351.4186 1001375.9426 24.5240 24.5240 1.0000 79/79//79 0/0/0 0.0000 
83 1460 131 127 1001381.6854 1001383.6174 1.9320 1.9320 1.0000 1/1//1 0/0/0 0.0000 
85 1460 115 59 1001383.6697 1001385.6017 1.9320 1.9320 1.0000 1/1//1 0/0/0 0.0000 
87 1460 132 13 1001438.9670 1001440.8990 1.9320 1.9320 1.0000 1/1//1 0/0/0 0.0000 
88 1460 53 70 1001447.8220 1001449.7540 1.9320 1.9320 1.0000 1/1//1 0/0/0 0.0000 
89 1460 106 136 1001455.3417 1001457.2737 1.9320 1.9320 1.0000 1/1//1 0/0/0 0.0000 
90 1460 58 41 1001500.7830 1001502.7150 1.9320 1.9320 1.0000 1/1//1 0/0/0 0.0000 
92 1460 61 111 1001522.7435 1001524.6755 1.9320 1.9320 1.0000 1/1//1 0/0/0 0.0000 
93 2920 65 18 1001543.8846 1001546.1166 2.2320 2.2320 1.0000 2/2//2 0/0/0 0.0000 
94 1460 23 56 1001562.6152 1001564.5472 1.9320 1.9320 1.0000 1/1//1 0/0/0 0.0000 
95 1460 119 36 1001594.1868 1001596.1342 1.9474 1.9320 1.0080 1/1//1 0/0/0 0.0000 
96 1460 46 95 1001609.9618 1001611.8938 1.9320 1.9320 1.0000 1/1//1 0/0/0 0.0000 
97 2920 20 40 1001624.6956 1001626.9276 2.2320 2.2320 1.0000 2/2//2 0/0/0 0.0000 
98 1460 63 137 1001649.8119 1001651.7439 1.9320 1.9320 1.0000 1/1//1 0/0/0 0.0000 
99 1460 9 100 1001651.5303 1001653.5508 2.0205 1.9320 1.0458 1/1//1 0/0/0 0.0000 
91 767960 88 113 1001508.8392 1001668.2712 159.4320 159.4320 1.0000 526/526//526 0/0/0 0.0000 
100 1460 48 92 1001680.2571 1001682.1891 1.9320 1.9320 1.0000 1/1//1 0/0/0 0.0000 
101 1460 15 51 1001697.0836 1001699.0156 1.9320 1.9320 1.0000 1/1//1 0/0/0 0.0000 
102 1460 10 124 1001707.2158 1001709.1478 1.9320 1.9320 1.0000 1/1//1 0/0/0 0.0000 
103 1460 109 49 1001748.2054 1001750.1374 1.9320 1.9320 1.0000 1/1//1 0/0/0 0.0000 
86 1750540 85 19 1001389.6134 1001750.9454 361.3320 361.3320 1.0000 1199/1199//1199 0/0/0 0.0000 
104 1460 15 51 1001777.0925 1001779.0258 1.9334 1.9320 1.0007 1/1//1 0/0/0 0.0000 
105 7300 58 41 1001803.6643 1001806.7963 3.1320 3.1320 1.0000 5/5//5 0/0/0 0.0000 
106 1460 17 128 1001823.2732 1001825.2052 1.9320 1.9320 1.0000 1/1//1 0/0/0 0.0000 
107 1460 19 24 1001866.1541 1001867.2781 1.1240 1.1240 1.0000 1/1//1 0/0/0 0.0000 
84 2483460 77 81 1001381.7718 1001893.7038 511.9320 511.9320 1.0000 1701/1701//1701 0/0/0 0.0000 
108 1460 22 120 1001895.9815 1001897.9135 1.9320 1.9320 1.0000 1/1//1 0/0/0 0.0000 
109 1460 124 22 1001899.4048 1001901.3368 1.9320 1.9320 1.0000 1/1//1 0/0/0 0.0000 
110 1460 47 86 1001901.1024 1001903.1070 2.0046 1.9320 1.0376 1/1//1 0/0/0 0.0000 
111 1460 66 73 1001928.5050 1001929.6290 1.1240 1.1240 1.0000 1/1//1 0/0/0 0.0000 
112 1460 110 93 1001954.5961 1001956.5281 1.9320 1.9320 1.0000 1/1//1 0/0/0 0.0000 
113 8760 67 82 1001960.0609 1001963.4929 3.4320 3.4320 1.0000 6/6//6 0/0/0 0.0000 
114 1460 81 89 1001970.7797 1001971.9037 1.1240 1.1240 1.0000 1/1//1 0/0/0 0.0000 
115 1460 7 105 1001973.3001 1001975.2321 1.9320 1.9320 1.0000 1/1//1 0/0/0 0.0000 
116 5840 92 123 1001980.4935 1001983.3258 2.8324 2.8320 1.0001 4/4//4 0/0/0 0.0000 
117 1460 138 14 1001982.9720 1001984.9040 1.9320 1.9320 1.0000 1/1//1 0/0/0 0.0000 
118 7300 81 89 1001997.8284 1002000.1524 2.3240 2.3240 1.0000 5/5//5 0/0/0 0.0000 
119 2920 73 98 1002007.6659 1002010.1396 2.4737 2.2320 1.1083 2/2//2 0/0/0 0.0000 
120 33580 140 72 1002010.6746 1002019.2066 8.5320 8.5320 1.0000 23/23//23 0/0/0 0.0000 
121 2920 74 140 1002030.7846 1002033.0166 2.2320 2.2320 1.0000 2/2//2 0/0/0 0.0000 
122 1460 93 28 1002054.3233 1002056.2553 1.9320 1.9320 1.0000 1/1//1 0/0/0 0.0000 
123 10220 30 121 1002061.5901 1002065.4988 3.9087 3.7320 1.0473 7/7//7 0/0/0 0.0000 
124 1460 20 40 1002068.2960 1002070.2280 1.9320 1.9320 1.0000 1/1//1 0/0/0 0.0000 
125 1460 18 138 1002085.4717 1002087.4037 1.9320 1.9320 1.0000 1/1//1 0/0/0 0.0000 
126 1460 65 18 1002114.3390 1002116.2710 1.9320 1.9320 1.0000 1/1//1 0/0/0 0.0000 
128 1460 105 15 1002120.2484 1002122.1938 1.9454 1.9320 1.0069 1/1//1 0/0/0 0.0000 
129 1460 129 102 1002125.8911 1002127.8231 1.9320 1.9320 1.0000 1/1//1 0/0/0 0.0000 
130 4380 37 108 1002135.3900 1002137.9220 2.5320 2.5320 1.0000 3/3//3 0/0/0 0.0000 
131 1460 0 74 1002181.8411 1002183.7818 1.9407 1.9320 1.0045 1/1//1 0/0/0 0.0000 
132 1460 3 99 1002197.5621 1002199.5098 1.9476 1.9320 1.0081 1/1//1 0/0/0 0.0000 
133 1460 134 5 1002216.3918 1002218.5435 2.1517 1.9320 1.1137 1/1//1 0/0/0 0.1480 
135 1460 75 27 1002261.8423 1002263.7904 1.9481 1.9320 1.0084 1/1//1 0/0/0 0.0000 
136 1460 59 21 1002271.4329 1002273.3649 1.9320 1.9320 1.0000 1/1//1 0/0/0 0.0000 
137 27740 112 119 1002293.7527 1002300.2767 6.5240 6.5240 1.0000 19/19//19 0/0/0 0.0000 
138 2920 76 34 1002301.2312 1002303.4632 2.2320 2.2320 1.0000 2/2//2 0/0/0 0.0000 
139 1460 139 61 1002310.6778 1002312.6098 1.9320 1.9320 1.0000 1/1//1 0/0/0 0.0000 
141 1460 36 134 1002336.5619 1002338.5598 1.9979 1.9320 1.0341 1/1//1 0/0/0 0.0000 
142 1460 128 75 1002348.6282 1002350.5602 1.9320 1.9320 1.0000 1/1//1 0/0/0 0.0000 
143 1460 119 36 1002362.9470 1002364.8790 1.9320 1.9320 1.0000 1/1//1 0/0/0 0.0000 
145 1460 37 108 1002378.4115 1002380.5573 2.1458 1.9320 1.1107 1/1//1 0/0/0 0.2138 
146 1460 57 45 1002379.4292 1002381.3612 1.9320 1.9320 1.0000 1/1//1 0/0/0 0.0000 
148 1460 23 56 1002416.5669 1002418.4989 1.9320 1.9320 1.0000 1/1//1 0/0/0 0.0000 
149 1460 12 31 1002422.2879 1002424.4353 2.1474 1.9320 1.1115 1/1//1 0/0/0 0.0000 
144 245280 94 39 1002374.5539 1002426.5859 52.0320 52.0320 1.0000 168/168//168 0/0/0 0.0000 
150 1460 130 112 1002426.5411 1002428.4731 1.9320 1.9320 1.0000 1/1//1 0/0/0 0.0000 
151 5840 38 44 1002436.9608 1002439.2234 2.2627 2.0240 1.1179 4/4//4 0/0/0 0.0000 
152 1460 38 44 1002454.6475 1002456.0314 1.3839 1.1240 1.2313 1/1//1 0/0/0 0.0000 
153 1460 41 26 1002460.8216 1002462.7536 1.9320 1.9320 1.0000 1/1//1 0/0/0 0.0000 
154 1460 66 73 1002466.8545 1002468.1939 1.3394 1.1240 1.1916 1/1//1 0/0/0 0.2154 
155 1460 48 92 1002491.3614 1002493.2934 1.9320 1.9320 1.0000 1/1//1 0/0/0 0.0000 
156 1460 12 31 1002491.9263 1002494.0433 2.1170 1.9320 1.0957 1/1//1 0/0/0 0.0000 
157 1460 88 113 1002540.1695 1002542.1015 1.9320 1.9320 1.0000 1/1//1 0/0/0 0.0000 
158 2920 63 137 1002549.2768 1002551.5088 2.2320 2.2320 1.0000 2/2//2 0/0/0 0.0000 
159 1460 87 1 1002553.7653 1002556.0473 2.2819 1.9320 1.1811 1/1//1 0/0/0 0.1179 
160 1460 69 47 1002566.1361 1002568.0681 1.9320 1.9320 1.0000 1/1//1 0/0/0 0.0000 
161 1460 22 120 1002581.5494 1002583.4814 1.9320 1.9320 1.0000 1/1//1 0/0/0 0.0000 
162 1460 118 91 1002586.8842 1002588.8162 1.9320 1.9320 1.0000 1/1//1 0/0/0 0.0000 
164 1460 21 6 1002600.1047 1002602.0367 1.9320 1.9320 1.0000 1/1//1 0/0/0 0.0000 
163 93440 49 63 1002598.4265 1002618.4505 20.0240 20.0240 1.0000 64/64//64 0/0/0 0.0000 
165 1460 28 53 1002633.7158 1002635.6478 1.9320 1.9320 1.0000 1/1//1 0/0/0 0.0000 
166 7300 28 53 1002635.6578 1002638.7898 3.1320 3.1320 1.0000 5/5//5 0/0/0 0.0000 
168 2920 59 21 1002655.5381 1002657.7701 2.2320 2.2320 1.0000 2/2//2 0/0/0 0.0000 
140 1803100 37 108 1002312.3253 1002684.7573 372.4320 372.1320 1.0008 1235/1235//1235 0/0/0 0.0000 
169 1460 93 28 1002707.5392 1002709.4712 1.9320 1.9320 1.0000 1/1//1 0/0/0 0.0000 
170 1460 29 46 1002728.1311 1002730.0631 1.9320 1.9320 1.0000 1/1//1 0/0/0 0.0000 
127 3006140 66 73 1002119.6699 1002738.4939 618.8240 618.5240 1.0005 2059/2059//2059 0/0/0 0.0000 
171 7300 4 84 1002773.1740 1002776.3060 3.1320 3.1320 1.0000 5/5//5 0/0/0 0.0000 
134 2703920 44 20 1002234.7834 1002792.0554 557.2720 557.2320 1.0001 1852/1852//1852 0/0/0 0.0000 
172 1460 84 130 1002808.7700 1002810.7020 1.9320 1.9320 1.0000 1/1//1 0/0/0 0.0000 
173 1460 117 55 1002813.9689 1002815.9009 1.9320 1.9320 1.0000 1/1//1 0/0/0 0.0000 
174 7300 85 19 1002836.3322 1002839.7602 3.4280 3.1320 1.0945 5/5//5 0/0/0 0.0000 
175 1460 2 17 1002867.3851 1002869.3171 1.9320 1.9320 1.0000 1/1//1 0/0/0 0.0000 
176 1460 135 101 1002869.7562 1002871.6882 1.9320 1.9320 1.0000 1/1//1 0/0/0 0.0000 
177 5840 64 104 1002878.9627 1002881.7947 2.8320 2.8320 1.0000 4/4//4 0/0/0 0.0000 
178 1460 126 133 1002883.3665 1002885.2985 1.9320 1.9320 1.0000 1/1//1 0/0/0 0.0000 
180 4380 120 131 1002903.2294 1002905.7614 2.5320 2.5320 1.0000 3/3//3 0/0/0 0.0000 
181 10220 109 49 1002915.9677 1002919.6997 3.7320 3.7320 1.0000 7/7//7 0/0/0 0.0000 
182 1460 17 128 1002937.8108 1002939.7428 1.9320 1.9320 1.0000 1/1//1 0/0/0 0.0000 
183 4380 119 36 1002957.6987 1002960.2307 2.5320 2.5320 1.0000 3/3//3 0/0/0 0.0000 
184 1460 2 17 1002963.5931 1002965.5251 1.9320 1.9320 1.0000 1/1//1 0/0/0 0.0000 
185 2920 105 15 1002969.5144 1002971.7464 2.2320 2.2320 1.0000 2/2//2 0/0/0 0.0000 
186 2920 75 27 1003000.4470 1003002.6790 2.2320 2.2320 1.0000 2/2//2 0/0/0 0.0000 
187 1460 33 117 1003011.4961 1003013.4281 1.9320 1.9320 1.0000 1/1//1 0/0/0 0.0000 
188 1460 102 94 1003013.4755 1003015.4075 1.9320 1.9320 1.0000 1/1//1 0/0/0 0.0000 
189 1460 54 129 1003035.8343 1003037.7663 1.9320 1.9320 1.0000 1/1//1 0/0/0 0.0000 
191 1460 69 47 1003156.6553 1003158.5873 1.9320 1.9320 1.0000 1/1//1 0/0/0 0.0000 
194 1460 100 71 1003235.8465 1003237.7785 1.9320 1.9320 1.0000 1/1//1 0/0/0 0.0000 
193 108040 129 102 1003227.0878 1003250.9198 23.8320 23.8320 1.0000 74/74//74 0/0/0 0.0000 
195 1460 22 120 1003274.6398 1003276.5718 1.9320 1.9320 1.0000 1/1//1 0/0/0 0.0000 
196 1460 119 36 1003364.8299 1003367.0431 2.2132 1.9320 1.1455 1/1//1 0/0/0 0.2812 
197 2920 92 123 1003375.1046 1003377.3366 2.2320 2.2320 1.0000 2/2//2 0/0/0 0.0000 
198 2920 58 41 1003389.2827 1003391.5147 2.2320 2.2320 1.0000 2/2//2 0/0/0 0.0000 
199 1460 142 8 1003427.7287 1003429.6607 1.9320 1.9320 1.0000 1/1//1 0/0/0 0.0000 
200 1460 31 65 1003471.2456 1003473.1776 1.9320 1.9320 1.0000 1/1//1 0/0/0 0.0000 
201 5840 113 97 1003476.2171 1003479.0938 2.8768 2.8320 1.0158 4/4//4 0/0/0 0.0000 
202 1460 105 15 1003479.1651 1003481.1303 1.9651 1.9320 1.0171 1/1//1 0/0/0 0.0000 
203 4380 110 93 1003488.3476 1003490.9845 2.6369 2.5320 1.0414 3/3//3 0/0/0 0.0778 
179 2905400 110 93 1002897.4253 1003496.9845 599.5591 598.6320 1.0015 1990/1990//1990 0/0/0 0.0000 
204 2920 17 128 1003555.9745 1003558.2065 2.2320 2.2320 1.0000 2/2//2 0/0/0 0.0000 
205 1460 68 10 1003560.5356 1003562.4676 1.9320 1.9320 1.0000 1/1//1 0/0/0 0.0000 
208 1460 67 82 1003599.6321 1003601.5641 1.9320 1.9320 1.0000 1/1//1 0/0/0 0.0000 
207 68620 113 97 1003589.6991 1003605.4311 15.7320 15.7320 1.0000 47/47//47 0/0/0 0.0000 
209 1460 93 28 1003610.2741 1003612.2061 1.9320 1.9320 1.0000 1/1//1 0/0/0 0.0000 
206 176660 65 18 1003583.2883 1003621.2203 37.9320 37.9320 1.0000 121/121//121 0/0/0 0.0000 
210 1460 76 34 1003621.1051 1003623.0371 1.9320 1.9320 1.0000 1/1//1 0/0/0 0.0000 
211 143080 94 39 1003626.3703 1003657.4743 31.1040 31.0320 1.0023 98/98//98 0/0/0 0.0000 
214 8760 130 112 1003677.4882 1003680.9202 3.4320 3.4320 1.0000 6/6//6 0/0/0 0.0000 
213 159140 142 8 1003670.3292 1003704.7333 34.4041 34.3320 1.0021 109/109//109 0/0/0 0.0000 
215 1460 24 80 1003719.5237 1003721.6642 2.1405 1.9320 1.1079 1/1//1 0/0/0 0.0000 
216 1460 95 116 1003725.2924 1003727.2244 1.9320 1.9320 1.0000 1/1//1 0/0/0 0.0000 
217 1460 60 33 1003725.4136 1003727.3456 1.9320 1.9320 1.0000 1/1//1 0/0/0 0.0000 
218 1460 133 132 1003728.3868 1003729.5108 1.1240 1.1240 1.0000 1/1//1 0/0/0 0.0000 
219 1460 31 65 1003762.7202 1003764.6522 1.9320 1.9320 1.0000 1/1//1 0/0/0 0.0000 
221 1460 33 117 1003777.9098 1003779.8618 1.9520 1.9320 1.0104 1/1//1 0/0/0 0.0000 
192 2791520 119 36 1003208.8111 1003784.3647 575.5537 575.2320 1.0006 1912/1912//1912 0/0/0 0.0000 
222 1460 119 36 1003795.6804 1003797.6124 1.9320 1.9320 1.0000 1/1//1 0/0/0 0.0000 
223 1460 27 68 1003810.5250 1003812.4570 1.9320 1.9320 1.0000 1/1//1 0/0/0 0.0000 
225 1460 63 137 1003841.6187 1003843.5507 1.9320 1.9320 1.0000 1/1//1 0/0/0 0.0000 
226 4380 80 54 1003843.5086 1003846.0406 2.5320 2.5320 1.0000 3/3//3 0/0/0 0.0000 
220 398580 62 58 1003774.3288 1003857.0528 82.7240 82.7240 1.0000 273/273//273 0/0/0 0.0000 
227 179580 131 127 1003857.9011 1003896.4563 38.5551 38.5320 1.0006 123/123//123 0/0/0 0.0000 
228 1460 100 71 1003895.5214 1003897.4534 1.9320 1.9320 1.0000 1/1//1 0/0/0 0.0000 
229 1460 35 69 1003900.5786 1003902.5106 1.9320 1.9320 1.0000 1/1//1 0/0/0 0.0000 
231 1460 31 65 1003944.6999 1003946.6319 1.9320 1.9320 1.0000 1/1//1 0/0/0 0.0000 
230 33580 29 46 1003938.7911 1003947.3231 8.5320 8.5320 1.0000 23/23//23 0/0/0 0.0000 
233 1460 11 85 1003981.8716 1003983.8428 1.9712 1.9320 1.0203 1/1//1 0/0/0 0.0000 
234 1460 3 99 1003981.8815 1003983.9226 2.0411 1.9320 1.0565 1/1//1 0/0/0 0.0000 
235 1460 90 118 1003984.1941 1003986.1261 1.9320 1.9320 1.0000 1/1//1 0/0/0 0.0000 
236 1460 57 45 1003992.9528 1003994.9346 1.9818 1.9320 1.0258 1/1//1 0/0/0 0.0000 
237 2920 137 48 1004023.5784 1004025.8104 2.2320 2.2320 1.0000 2/2//2 0/0/0 0.0000 
240 7300 80 54 1004039.1869 1004042.3568 3.1699 3.1320 1.0121 5/5//5 0/0/0 0.0000 
232 362080 50 29 1003967.7807 1004043.8127 76.0320 76.0320 1.0000 248/248//248 0/0/0 0.0000 
241 1460 32 76 1004053.2292 1004055.4596 2.2304 1.9320 1.1545 1/1//1 0/0/0 0.0000 
243 1460 81 89 1004067.8865 1004069.0105 1.1240 1.1240 1.0000 1/1//1 0/0/0 0.0000 
245 1460 101 57 1004079.6256 1004081.5576 1.9320 1.9320 1.0000 1/1//1 0/0/0 0.0000 
239 249660 88 113 1004030.2723 1004083.2793 53.0069 52.9320 1.0014 171/171//171 0/0/0 0.0000 
247 1460 38 44 1004093.2946 1004094.4186 1.1240 1.1240 1.0000 1/1//1 0/0/0 0.0000 
249 1460 46 95 1004119.3908 1004121.3228 1.9320 1.9320 1.0000 1/1//1 0/0/0 0.0000 
242 316820 14 2 1004055.9958 1004121.9565 65.9607 65.9240 1.0006 217/217//217 0/0/0 0.0367 
244 246740 7 105 1004078.2278 1004130.6226 52.3948 52.3320 1.0012 169/169//169 0/0/0 0.0000 
250 4380 86 142 1004134.6744 1004137.2064 2.5320 2.5320 1.0000 3/3//3 0/0/0 0.0000 
251 96360 77 81 1004139.2793 1004160.7113 21.4320 21.4320 1.0000 66/66//66 0/0/0 0.0000 
253 1460 80 54 1004159.0390 1004160.9710 1.9320 1.9320 1.0000 1/1//1 0/0/0 0.0000 
254 4380 26 66 1004168.0856 1004170.6176 2.5320 2.5320 1.0000 3/3//3 0/0/0 0.0000 
255 8760 61 111 1004169.5589 1004172.9909 3.4320 3.4320 1.0000 6/6//6 0/0/0 0.0000 
256 1460 110 93 1004191.2094 1004193.1414 1.9320 1.9320 1.0000 1/1//1 0/0/0 0.0000 
252 192720 88 113 1004155.9284 1004197.2303 41.3019 41.2320 1.0017 132/132//132 0/0/0 0.0000 
212 2746260 117 55 1003632.6418 1004198.5818 565.9400 565.9320 1.0000 1881/1881//1881 0/0/0 0.0000 
258 1460 64 104 1004225.9913 1004227.9233 1.9320 1.9320 1.0000 1/1//1 0/0/0 0.0000 
259 1460 113 97 1004236.1702 1004238.2484 2.0782 1.9320 1.0757 1/1//1 0/0/0 0.1462 
257 192720 113 97 1004197.3164 1004238.8484 41.5320 41.2320 1.0073 132/132//132 0/0/0 0.0000 
260 1460 90 118 1004244.1096 1004246.0416 1.9320 1.9320 1.0000 1/1//1 0/0/0 0.0000 
261 112420 4 84 1004251.6838 1004276.4158 24.7320 24.7320 1.0000 77/77//77 0/0/0 0.0000 
262 1460 52 79 1004280.9460 1004282.8780 1.9320 1.9320 1.0000 1/1//1 0/0/0 0.0000 
265 1460 46 95 1004334.1482 1004336.0802 1.9320 1.9320 1.0000 1/1//1 0/0/0 0.0000 
266 1460 42 43 1004346.7892 1004347.9132 1.1240 1.1240 1.0000 1/1//1 0/0/0 0.0000 
267 1460 91 62 1004369.0029 1004371.1343 2.1314 1.9320 1.1032 1/1//1 0/0/0 0.1272 
268 1460 55 35 1004370.5178 1004372.4498 1.9320 1.9320 1.0000 1/1//1 0/0/0 0.0000 
248 1262900 56 141 1004116.8424 1004377.9744 261.1320 261.1320 1.0000 865/865//865 0/0/0 0.0000 
264 376680 91 62 1004305.2300 1004384.6343 79.4042 79.0320 1.0047 258/258//258 0/0/0 0.0000 
271 1460 15 51 1004384.2962 1004386.2611 1.9648 1.9320 1.0170 1/1//1 0/0/0 0.0000 
272 7300 15 51 1004391.8483 1004394.9803 3.1320 3.1320 1.0000 5/5//5 0/0/0 0.0000 
274 1460 42 43 1004406.8467 1004407.9707 1.1240 1.1240 1.0000 1/1//1 0/0/0 0.0000 
269 185420 0 74 1004372.2541 1004412.0566 39.8025 39.7320 1.0018 127/127//127 0/0/0 0.0000 
275 1460 126 133 1004423.9403 1004425.8723 1.9320 1.9320 1.0000 1/1//1 0/0/0 0.0000 
270 362080 12 31 1004372.5456 1004450.7673 78.2216 76.0320 1.0288 248/248//248 0/0/0 0.0000 
277 1460 31 65 1004448.8777 1004450.8097 1.9320 1.9320 1.0000 1/1//1 0/0/0 0.0000 
278 1460 59 21 1004460.5755 1004462.5075 1.9320 1.9320 1.0000 1/1//1 0/0/0 0.0000 
279 1460 64 104 1004472.5892 1004474.5212 1.9320 1.9320 1.0000 1/1//1 0/0/0 0.0000 
280 1460 43 143 1004480.8694 1004482.8014 1.9320 1.9320 1.0000 1/1//1 0/0/0 0.0000 
282 2920 133 132 1004515.5357 1004516.9597 1.4240 1.4240 1.0000 2/2//2 0/0/0 0.0000 
283 2920 77 81 1004526.6800 1004528.9120 2.2320 2.2320 1.0000 2/2//2 0/0/0 0.0000 
281 162060 45 90 1004495.2683 1004530.2013 34.9330 34.9320 1.0000 111/111//111 0/0/0 0.0000 
284 1460 33 117 1004534.2425 1004536.1745 1.9320 1.9320 1.0000 1/1//1 0/0/0 0.0000 
285 1460 114 83 1004550.7566 1004552.6886 1.9320 1.9320 1.0000 1/1//1 0/0/0 0.0000 
286 1460 23 56 1004561.1511 1004563.0831 1.9320 1.9320 1.0000 1/1//1 0/0/0 0.0000 
276 633640 140 72 1004436.2660 1004568.2243 131.9582 131.8320 1.0010 434/434//434 0/0/0 0.0000 
246 2365200 70 25 1004082.5293 1004570.2326 487.7033 487.6320 1.0001 1620/1620//1620 0/0/0 0.0000 
290 1460 93 28 1004688.4555 1004690.3875 1.9320 1.9320 1.0000 1/1//1 0/0/0 0.0000 
263 2055680 124 22 1004288.0849 1004712.1846 424.0997 424.0320 1.0002 1408/1408//1408 0/0/0 0.0000 
291 4380 121 9 1004710.4284 1004713.3653 2.9368 2.5320 1.1599 3/3//3 0/0/0 0.2584 
292 1460 114 83 1004734.6174 1004736.5494 1.9320 1.9320 1.0000 1/1//1 0/0/0 0.0000 
293 1460 67 82 1004736.6234 1004738.5554 1.9320 1.9320 1.0000 1/1//1 0/0/0 0.0000 
289 337260 103 88 1004675.1450 1004746.0770 70.9320 70.9320 1.0000 231/231//231 0/0/0 0.0000 
294 4380 85 19 1004764.2402 1004766.9842 2.7440 2.5320 1.0837 3/3//3 0/0/0 0.0000 
295 4380 39 50 1004774.0793 1004776.6113 2.5320 2.5320 1.0000 3/3//3 0/0/0 0.0000 
296 1460 102 94 1004786.6588 1004788.5908 1.9320 1.9320 1.0000 1/1//1 0/0/0 0.0000 
297 5840 98 32 1004792.6904 1004795.7796 3.0892 2.8320 1.0908 4/4//4 0/0/0 0.0372 
298 186880 122 30 1004817.0713 1004857.1033 40.0320 40.0320 1.0000 128/128//128 0/0/0 0.0000 
300 10220 80 54 1004871.0369 1004875.0823 4.0454 3.7320 1.0840 7/7//7 0/0/0 0.2408 
301 68620 20 40 1004909.6965 1004925.4739 15.7774 15.7320 1.0029 47/47//47 0/0/0 0.0000 
302 5840 29 46 1004924.7915 1004927.6235 2.8320 2.8320 1.0000 4/4//4 0/0/0 0.0000 
303 5840 68 10 1004953.8977 1004956.7297 2.8320 2.8320 1.0000 4/4//4 0/0/0 0.0000 
287 1879020 38 44 1004571.3113 1004958.2353 386.9240 386.9240 1.0000 1287/1287//1287 0/0/0 0.0000 
304 4380 109 49 1004977.9371 1004980.4691 2.5320 2.5320 1.0000 3/3//3 0/0/0 0.0000 
306 4380 38 44 1005014.1942 1005015.9182 1.7240 1.7240 1.0000 3/3//3 0/0/0 0.0000 
309 1460 142 8 1005089.5554 1005091.4874 1.9320 1.9320 1.0000 1/1//1 0/0/0 0.0000 
307 182500 57 45 1005065.5904 1005104.7224 39.1320 39.1320 1.0000 125/125//125 0/0/0 0.0000 
311 4380 5 122 1005102.6622 1005105.3682 2.7060 2.5320 1.0687 3/3//3 0/0/0 0.0000 
312 2920 101 57 1005110.0216 1005112.2536 2.2320 2.2320 1.0000 2/2//2 0/0/0 0.0000 
313 1460 55 35 1005131.7842 1005133.7162 1.9320 1.9320 1.0000 1/1//1 0/0/0 0.0000 
310 183960 36 134 1005096.2878 1005136.7678 40.4800 39.4320 1.0266 126/126//126 0/0/0 0.0000 
308 370840 131 127 1005071.7406 1005149.6468 77.9061 77.8320 1.0010 254/254//254 0/0/0 0.0000 
314 5840 100 71 1005181.6441 1005184.7346 3.0905 2.8320 1.0913 4/4//4 0/0/0 0.2384 
315 1460 70 25 1005191.8268 1005193.7588 1.9320 1.9320 1.0000 1/1//1 0/0/0 0.0000 
316 1460 20 40 1005217.2236 1005219.1556 1.9320 1.9320 1.0000 1/1//1 0/0/0 0.0000 
317 1460 37 108 1005217.8879 1005219.9515 2.0636 1.9320 1.0681 1/1//1 0/0/0 0.0910 
319 2920 99 0 1005265.3326 1005267.5655 2.2329 2.2320 1.0004 2/2//2 0/0/0 0.0000 
320 7300 90 118 1005268.5595 1005271.6915 3.1320 3.1320 1.0000 5/5//5 0/0/0 0.0000 
318 173740 49 63 1005239.5379 1005276.0619 36.5240 36.5240 1.0000 119/119//119 0/0/0 0.0000 
321 1460 37 108 1005470.0761 1005472.2515 2.1754 1.9320 1.1260 1/1//1 0/0/0 0.2028 
322 1460 56 141 1005510.5702 1005512.5022 1.9320 1.9320 1.0000 1/1//1 0/0/0 0.0000 
323 1460 8 114 1005540.5510 1005542.4830 1.9320 1.9320 1.0000 1/1//1 0/0/0 0.0000 
324 1460 12 31 1005552.8486 1005554.9473 2.0986 1.9320 1.0862 1/1//1 0/0/0 0.0000 
325 8760 57 45 1005561.8974 1005565.3294 3.4320 3.4320 1.0000 6/6//6 0/0/0 0.0000 
326 2920 98 32 1005566.0549 1005568.5796 2.5247 2.2320 1.1311 2/2//2 0/0/0 0.0727 
327 1460 85 19 1005574.1406 1005576.0922 1.9516 1.9320 1.0101 1/1//1 0/0/0 0.0000 
329 1460 94 39 1005597.8817 1005599.8137 1.9320 1.9320 1.0000 1/1//1 0/0/0 0.0000 
330 1460 75 27 1005599.1537 1005601.0857 1.9320 1.9320 1.0000 1/1//1 0/0/0 0.0000 
331 1460 117 55 1005615.6426 1005617.5847 1.9421 1.9320 1.0052 1/1//1 0/0/0 0.0000 
328 252580 72 87 1005586.0171 1005641.2171 55.2000 53.5320 1.0312 173/173//173 0/0/0 0.0000 
333 2920 46 95 1005658.2660 1005660.4980 2.2320 2.2320 1.0000 2/2//2 0/0/0 0.0000 
334 4380 29 46 1005685.0935 1005687.6255 2.5320 2.5320 1.0000 3/3//3 0/0/0 0.0000 
335 1460 23 56 1005702.4374 1005704.3694 1.9320 1.9320 1.0000 1/1//1 0/0/0 0.0000 
336 70080 82 67 1005734.1159 1005750.1479 16.0320 16.0320 1.0000 48/48//48 0/0/0 0.0000 
338 4380 68 10 1005755.7737 1005758.3057 2.5320 2.5320 1.0000 3/3//3 0/0/0 0.0000 
339 1460 136 135 1005786.0840 1005787.2080 1.1240 1.1240 1.0000 1/1//1 0/0/0 0.0000 
340 8760 45 90 1005793.4710 1005796.9030 3.4320 3.4320 1.0000 6/6//6 0/0/0 0.0000 
341 1460 111 11 1005853.7697 1005855.7017 1.9320 1.9320 1.0000 1/1//1 0/0/0 0.0000 
342 2920 92 123 1005873.2583 1005875.4903 2.2320 2.2320 1.0000 2/2//2 0/0/0 0.0000 
343 1460 13 37 1005902.0029 1005903.9989 1.9960 1.9320 1.0331 1/1//1 0/0/0 0.0000 
332 1410360 134 5 1005644.1453 1005935.6623 291.5169 291.4320 1.0003 966/966//966 0/0/0 0.0104 
344 5840 136 135 1005934.4589 1005936.4829 2.0240 2.0240 1.0000 4/4//4 0/0/0 0.0000 
345 1460 27 68 1005938.8087 1005940.7407 1.9320 1.9320 1.0000 1/1//1 0/0/0 0.0000 
337 966520 43 143 1005740.8462 1005941.0782 200.2320 200.2320 1.0000 662/662//662 0/0/0 0.0000 
346 151840 107 38 1006007.6181 1006041.3843 33.7662 32.8320 1.0285 104/104//104 0/0/0 0.0000 
347 198560 38 44 1006009.4643 1006051.8963 42.4320 41.6240 1.0194 136/136//136 0/0/0 0.0000 
348 4380 88 113 1006085.7353 1006088.3423 2.6069 2.5320 1.0296 3/3//3 0/0/0 0.0000 
349 1460 75 27 1006110.8600 1006112.7920 1.9320 1.9320 1.0000 1/1//1 0/0/0 0.0000 
350 2920 32 76 1006165.5397 1006168.0756 2.5358 2.2320 1.1361 2/2//2 0/0/0 0.0000 
352 1460 137 48 1006196.4154 1006198.3847 1.9692 1.9320 1.0193 1/1//1 0/0/0 0.0000 
353 1460 34 7 1006203.8737 1006205.8057 1.9320 1.9320 1.0000 1/1//1 0/0/0 0.0000 
351 135780 120 131 1006195.5572 1006225.0892 29.5320 29.5320 1.0000 93/93//93 0/0/0 0.0000 
357 1460 63 137 1006305.1529 1006307.0849 1.9320 1.9320 1.0000 1/1//1 0/0/0 0.0000 
358 1460 102 94 1006310.0556 1006311.9876 1.9320 1.9320 1.0000 1/1//1 0/0/0 0.0000 
360 2920 19 24 1006407.2604 1006408.9042 1.6438 1.4240 1.1544 2/2//2 0/0/0 0.2198 
361 1460 141 23 1006430.1726 1006432.1046 1.9320 1.9320 1.0000 1/1//1 0/0/0 0.0000 
362 1460 59 21 1006442.8998 1006444.8318 1.9320 1.9320 1.0000 1/1//1 0/0/0 0.0000 
363 1460 61 111 1006450.4640 1006452.3960 1.9320 1.9320 1.0000 1/1//1 0/0/0 0.0000 
364 1460 58 41 1006450.5042 1006452.4710 1.9668 1.9320 1.0180 1/1//1 0/0/0 0.0000 
365 1460 90 118 1006461.9049 1006463.8369 1.9320 1.9320 1.0000 1/1//1 0/0/0 0.0000 
366 1460 96 4 1006475.0151 1006476.9847 1.9695 1.9320 1.0194 1/1//1 0/0/0 0.0000 
367 1460 96 4 1006504.9927 1006506.9958 2.0031 1.9320 1.0368 1/1//1 0/0/0 0.0000 
368 5840 33 117 1006509.3772 1006512.2092 2.8320 2.8320 1.0000 4/4//4 0/0/0 0.0000 
369 10220 142 8 1006513.8492 1006517.5812 3.7320 3.7320 1.0000 7/7//7 0/0/0 0.0000 
371 1460 54 129 1006562.2699 1006564.4721 2.2022 1.9320 1.1399 1/1//1 0/0/0 0.0000 
359 1106680 46 95 1006353.0589 1006582.0909 229.0320 229.0320 1.0000 758/758//758 0/0/0 0.0000 
370 347480 123 139 1006517.8979 1006590.9958 73.0980 73.0320 1.0009 238/238//238 0/0/0 0.0000 
372 7300 19 24 1006590.5124 1006593.1042 2.5918 2.3240 1.1152 5/5//5 0/0/0 0.2678 
373 1460 126 133 1006593.1523 1006595.0843 1.9320 1.9320 1.0000 1/1//1 0/0/0 0.0000 
375 1460 119 36 1006657.8409 1006659.8788 2.0380 1.9320 1.0548 1/1//1 0/0/0 0.0000 
376 1460 67 82 1006681.6816 1006683.6136 1.9320 1.9320 1.0000 1/1//1 0/0/0 0.0000 
378 1460 38 44 1006724.1627 1006725.2867 1.1240 1.1240 1.0000 1/1//1 0/0/0 0.0000 
379 1460 117 55 1006735.4617 1006737.3958 1.9342 1.9320 1.0011 1/1//1 0/0/0 0.0000 
354 2533100 109 49 1006226.5777 1006748.7100 522.1323 522.1320 1.0000 1735/1735//1735 0/0/0 0.0000 
381 1460 104 77 1006782.9099 1006784.8819 1.9720 1.9320 1.0207 1/1//1 0/0/0 0.0000 
380 56940 139 61 1006772.2025 1006785.5345 13.3320 13.3320 1.0000 39/39//39 0/0/0 0.0000 
356 2609020 135 101 1006259.3558 1006797.0878 537.7320 537.7320 1.0000 1787/1787//1787 0/0/0 0.0000 
382 1460 25 42 1006799.8904 1006801.8224 1.9320 1.9320 1.0000 1/1//1 0/0/0 0.0000 
383 1460 32 76 1006813.0986 1006815.1836 2.0850 1.9320 1.0792 1/1//1 0/0/0 0.0000 
384 5840 70 25 1006816.1821 1006819.0141 2.8320 2.8320 1.0000 4/4//4 0/0/0 0.0000 
385 2920 69 47 1006858.8402 1006861.0722 2.2320 2.2320 1.0000 2/2//2 0/0/0 0.0000 
386 2920 94 39 1006906.5496 1006908.7816 2.2320 2.2320 1.0000 2/2//2 0/0/0 0.0000 
387 1460 137 48 1006953.6712 1006955.6032 1.9320 1.9320 1.0000 1/1//1 0/0/0 0.0000 
388 1460 12 31 1006961.6741 1006963.7393 2.0652 1.9320 1.0689 1/1//1 0/0/0 0.0000 
389 1460 94 39 1007034.3636 1007036.2956 1.9320 1.9320 1.0000 1/1//1 0/0/0 0.0000 
390 1460 15 51 1007037.6620 1007039.5940 1.9320 1.9320 1.0000 1/1//1 0/0/0 0.0000 
392 1460 53 70 1007043.9104 1007045.8424 1.9320 1.9320 1.0000 1/1//1 0/0/0 0.0000 
393 1460 51 109 1007050.0648 1007052.1019 2.0371 1.9320 1.0544 1/1//1 0/0/0 0.0000 
394 1460 99 0 1007060.3609 1007062.2929 1.9320 1.9320 1.0000 1/1//1 0/0/0 0.0000 
395 4380 60 33 1007082.2984 1007084.8304 2.5320 2.5320 1.0000 3/3//3 0/0/0 0.0000 
396 2920 32 76 1007097.7214 1007100.1996 2.4781 2.2320 1.1103 2/2//2 0/0/0 0.0000 
397 1460 61 111 1007114.9716 1007116.9036 1.9320 1.9320 1.0000 1/1//1 0/0/0 0.0000 
398 1460 10 124 1007119.9533 1007122.0818 2.1286 1.9320 1.1017 1/1//1 0/0/0 0.1794 
399 4380 96 4 1007130.7110 1007133.2430 2.5320 2.5320 1.0000 3/3//3 0/0/0 0.0000 
400 1460 106 136 1007190.4230 1007192.3550 1.9320 1.9320 1.0000 1/1//1 0/0/0 0.0000 
402 1460 53 70 1007215.0413 1007216.9733 1.9320 1.9320 1.0000 1/1//1 0/0/0 0.0000 
403 1460 52 79 1007222.8602 1007224.8081 1.9479 1.9320 1.0082 1/1//1 0/0/0 0.0000 
404 1460 123 139 1007228.1806 1007230.1126 1.9320 1.9320 1.0000 1/1//1 0/0/0 0.0000 
401 195640 134 5 1007191.1018 1007233.3708 42.2691 41.8320 1.0104 134/134//134 0/0/0 0.2885 
406 1460 78 125 1007252.5750 1007254.5070 1.9320 1.9320 1.0000 1/1//1 0/0/0 0.0000 
407 1460 82 67 1007261.2660 1007263.1980 1.9320 1.9320 1.0000 1/1//1 0/0/0 0.0000 
409 7300 50 29 1007335.6702 1007338.8022 3.1320 3.1320 1.0000 5/5//5 0/0/0 0.0000 
410 1460 78 125 1007362.2857 1007364.2177 1.9320 1.9320 1.0000 1/1//1 0/0/0 0.0000 
408 365000 128 75 1007302.0937 1007378.7988 76.7051 76.6320 1.0010 250/250//250 0/0/0 0.0000 
412 1460 60 33 1007409.6700 1007411.6020 1.9320 1.9320 1.0000 1/1//1 0/0/0 0.0000 
411 164980 65 18 1007378.8750 1007414.4070 35.5320 35.5320 1.0000 113/113//113 0/0/0 0.0000 
413 1460 101 57 1007431.6230 1007433.6096 1.9866 1.9320 1.0283 1/1//1 0/0/0 0.0000 
414 1460 50 29 1007437.4040 1007439.3360 1.9320 1.9320 1.0000 1/1//1 0/0/0 0.0000 
416 1460 58 41 1007437.9409 1007439.8729 1.9320 1.9320 1.0000 1/1//1 0/0/0 0.0000 
418 1460 37 108 1007447.2004 1007449.2908 2.0904 1.9320 1.0820 1/1//1 0/0/0 0.0865 
419 1460 55 35 1007472.5039 1007474.4359 1.9320 1.9320 1.0000 1/1//1 0/0/0 0.0000 
417 370840 81 89 1007440.3263 1007517.3503 77.0240 77.0240 1.0000 254/254//254 0/0/0 0.0000 
420 1460 142 8 1007530.7012 1007532.7708 2.0696 1.9320 1.0712 1/1//1 0/0/0 0.0000 
421 1460 98 32 1007550.9282 1007553.5058 2.5776 1.9320 1.3342 1/1//1 0/0/0 0.2994 
422 1460 7 105 1007558.2870 1007560.2959 2.0089 1.9320 1.0398 1/1//1 0/0/0 0.0000 
423 4380 21 6 1007577.7601 1007580.3023 2.5421 2.5320 1.0040 3/3//3 0/0/0 0.0000 
424 1460 16 106 1007587.9500 1007589.8820 1.9320 1.9320 1.0000 1/1//1 0/0/0 0.0000 
425 1460 79 115 1007587.9948 1007589.9268 1.9320 1.9320 1.0000 1/1//1 0/0/0 0.0000 
427 1460 143 96 1007605.6105 1007607.5425 1.9320 1.9320 1.0000 1/1//1 0/0/0 0.0000 
426 115340 32 76 1007596.4435 1007622.5316 26.0881 25.3320 1.0298 79/79//79 0/0/0 0.0000 
429 8760 133 132 1007635.9755 1007638.5995 2.6240 2.6240 1.0000 6/6//6 0/0/0 0.0000 
430 10220 122 30 1007636.5025 1007640.2345 3.7320 3.7320 1.0000 7/7//7 0/0/0 0.0000 
431 1460 37 108 1007659.1825 1007661.3908 2.2083 1.9320 1.1430 1/1//1 0/0/0 0.2044 
432 2920 22 120 1007676.5513 1007678.8244 2.2732 2.2320 1.0184 2/2//2 0/0/0 0.0000 
428 302220 12 31 1007628.3414 1007694.0073 65.6658 63.7320 1.0303 207/207//207 0/0/0 0.0000 
434 1460 61 111 1007741.9959 1007743.9279 1.9320 1.9320 1.0000 1/1//1 0/0/0 0.0000 
433 327040 95 116 1007685.8756 1007754.7813 68.9056 68.8320 1.0011 224/224//224 0/0/0 0.0000 
436 1460 25 42 1007768.1881 1007770.2204 2.0323 1.9320 1.0519 1/1//1 0/0/0 0.0000 
437 1460 84 130 1007780.4283 1007782.3603 1.9320 1.9320 1.0000 1/1//1 0/0/0 0.0000 
435 186880 23 56 1007750.8354 1007790.9361 40.1006 40.0320 1.0017 128/128//128 0/0/0 0.0000 
438 2920 102 94 1007842.9415 1007845.3933 2.4518 2.2320 1.0985 2/2//2 0/0/0 0.0000 
439 2920 32 76 1007900.4296 1007902.7476 2.3179 2.2320 1.0385 2/2//2 0/0/0 0.0000 
440 1460 11 85 1007916.6907 1007918.6227 1.9320 1.9320 1.0000 1/1//1 0/0/0 0.0000 
441 1460 72 87 1007936.1680 1007938.1441 1.9761 1.9320 1.0228 1/1//1 0/0/0 0.0000 
442 2920 58 41 1007961.9303 1007964.1849 2.2546 2.2320 1.0101 2/2//2 0/0/0 0.0000 
443 1460 72 87 1007987.0303 1007988.9623 1.9320 1.9320 1.0000 1/1//1 0/0/0 0.0000 
444 5840 124 22 1007999.0274 1008002.1444 3.1170 2.8320 1.1006 4/4//4 0/0/0 0.0000 
445 1460 64 104 1008082.2896 1008084.2216 1.9320 1.9320 1.0000 1/1//1 0/0/0 0.0000 
446 2920 63 137 1008102.0353 1008104.2673 2.2320 2.2320 1.0000 2/2//2 0/0/0 0.0000 
447 7300 69 47 1008102.6459 1008105.7779 3.1320 3.1320 1.0000 5/5//5 0/0/0 0.0000 
448 1460 119 36 1008114.1125 1008116.0868 1.9744 1.9320 1.0219 1/1//1 0/0/0 0.0000 
449 23360 42 43 1008116.9908 1008122.6148 5.6240 5.6240 1.0000 16/16//16 0/0/0 0.0000 
450 7300 65 18 1008128.2774 1008131.4094 3.1320 3.1320 1.0000 5/5//5 0/0/0 0.0000 
451 4380 103 88 1008128.8822 1008131.4142 2.5320 2.5320 1.0000 3/3//3 0/0/0 0.0000 
452 7300 41 26 1008129.0156 1008132.1476 3.1320 3.1320 1.0000 5/5//5 0/0/0 0.0000 
453 4380 13 37 1008133.8648 1008136.6229 2.7581 2.5320 1.0893 3/3//3 0/0/0 0.0000 
454 1460 17 128 1008165.3092 1008167.2412 1.9320 1.9320 1.0000 1/1//1 0/0/0 0.0000 
455 1460 47 86 1008225.9986 1008227.9306 1.9320 1.9320 1.0000 1/1//1 0/0/0 0.0000 
457 2920 15 51 1008253.6408 1008255.8728 2.2320 2.2320 1.0000 2/2//2 0/0/0 0.0000 
458 1460 134 5 1008266.1606 1008268.3708 2.2103 1.9320 1.1440 1/1//1 0/0/0 0.1297 
459 1460 128 75 1008288.0583 1008289.9903 1.9320 1.9320 1.0000 1/1//1 0/0/0 0.0000 
460 1460 31 65 1008290.9274 1008292.8594 1.9320 1.9320 1.0000 1/1//1 0/0/0 0.0000 
461 2920 132 13 1008331.1077 1008333.3397 2.2320 2.2320 1.0000 2/2//2 0/0/0 0.0000 
462 1460 127 16 1008348.3058 1008350.2378 1.9320 1.9320 1.0000 1/1//1 0/0/0 0.0000 
463 1460 132 13 1008359.2526 1008361.1948 1.9422 1.9320 1.0053 1/1//1 0/0/0 0.0000 
465 1460 86 142 1008376.5801 1008378.5121 1.9320 1.9320 1.0000 1/1//1 0/0/0 0.0000 
466 2920 51 109 1008396.6443 1008399.1179 2.4736 2.2320 1.1082 2/2//2 0/0/0 0.0000 
467 8760 112 119 1008410.1633 1008412.9028 2.7396 2.6240 1.0440 6/6//6 0/0/0 0.0996 
469 4380 14 2 1008467.0414 1008468.8045 1.7631 1.7240 1.0227 3/3//3 0/0/0 0.0391 
468 325580 88 113 1008421.4212 1008490.0263 68.6051 68.5320 1.0011 223/223//223 0/0/0 0.0000 
470 7300 44 20 1008493.6623 1008496.8203 3.1581 3.1320 1.0083 5/5//5 0/0/0 0.0000 
473 1460 111 11 1008526.2663 1008528.1983 1.9320 1.9320 1.0000 1/1//1 0/0/0 0.0000 
474 1460 108 110 1008528.2085 1008529.4028 1.1943 1.1240 1.0625 1/1//1 0/0/0 0.0000 
475 1460 52 79 1008549.0326 1008550.9646 1.9320 1.9320 1.0000 1/1//1 0/0/0 0.0000 
477 1460 75 27 1008559.1661 1008561.0981 1.9320 1.9320 1.0000 1/1//1 0/0/0 0.0000 
478 1460 81 89 1008560.3572 1008561.4812 1.1240 1.1240 1.0000 1/1//1 0/0/0 0.0000 
476 51100 32 76 1008550.3249 1008563.0276 12.7027 12.1320 1.0470 35/35//35 0/0/0 0.0000 
479 1460 122 30 1008579.4718 1008581.6449 2.1730 1.9320 1.1248 1/1//1 0/0/0 0.1665 
480 2920 63 137 1008610.3941 1008612.6281 2.2339 2.2320 1.0009 2/2//2 0/0/0 0.0000 
482 1460 114 83 1008639.8073 1008641.7393 1.9320 1.9320 1.0000 1/1//1 0/0/0 0.0000 
481 13140 19 24 1008639.7053 1008643.3042 3.5989 3.5240 1.0212 9/9//9 0/0/0 0.0749 
483 1460 102 94 1008661.4650 1008663.6878 2.2228 1.9320 1.1505 1/1//1 0/0/0 0.0000 
484 1460 95 116 1008697.9642 1008699.8962 1.9320 1.9320 1.0000 1/1//1 0/0/0 0.0000 
485 1460 92 123 1008706.1705 1008708.1083 1.9379 1.9320 1.0030 1/1//1 0/0/0 0.0000 
464 1668780 122 30 1008373.5383 1008718.4453 344.9069 344.5320 1.0011 1143/1143//1143 0/0/0 0.0000 
487 1460 141 23 1008741.9787 1008743.9326 1.9540 1.9320 1.0114 1/1//1 0/0/0 0.0000 
488 20440 35 69 1008755.9924 1008761.8248 5.8324 5.8320 1.0001 14/14//14 0/0/0 0.0000 
486 286160 71 78 1008729.8343 1008791.2345 61.4002 59.6240 1.0298 196/196//196 0/0/0 0.0000 
471 1468760 120 131 1008502.1356 1008805.6421 303.5065 303.4320 1.0002 1006/1006//1006 0/0/0 0.0000 
489 1460 32 76 1008805.4226 1008807.5356 2.1129 1.9320 1.0937 1/1//1 0/0/0 0.0000 
490 1460 67 82 1008865.3549 1008867.2869 1.9320 1.9320 1.0000 1/1//1 0/0/0 0.0000 
491 1460 11 85 1008885.3414 1008887.2734 1.9320 1.9320 1.0000 1/1//1 0/0/0 0.0000 
492 1460 113 97 1008947.1560 1008949.0880 1.9320 1.9320 1.0000 1/1//1 0/0/0 0.0000 
493 1460 41 26 1008983.3541 1008985.2861 1.9320 1.9320 1.0000 1/1//1 0/0/0 0.0000 
494 2920 12 31 1009014.5078 1009016.8673 2.3594 2.2320 1.0571 2/2//2 0/0/0 0.0000 
495 5840 26 66 1009019.8024 1009022.6344 2.8320 2.8320 1.0000 4/4//4 0/0/0 0.0000 
496 2920 130 112 1009049.2359 1009051.5908 2.3550 2.2320 1.0551 2/2//2 0/0/0 0.0000 
497 1460 123 139 1009059.7667 1009061.6987 1.9320 1.9320 1.0000 1/1//1 0/0/0 0.0000 
498 1460 32 76 1009059.8144 1009061.9436 2.1292 1.9320 1.1020 1/1//1 0/0/0 0.0000 
499 10220 113 97 1009087.7481 1009091.4976 3.7495 3.7320 1.0047 7/7//7 0/0/0 0.0000 
500 73000 99 0 1009126.9633 1009143.6703 16.7069 16.6320 1.0045 50/50//50 0/0/0 0.0000 
502 1460 44 20 1009160.9609 1009162.8929 1.9320 1.9320 1.0000 1/1//1 0/0/0 0.0000 
503 1460 141 23 1009186.7802 1009188.7122 1.9320 1.9320 1.0000 1/1//1 0/0/0 0.0000 
504 1460 11 85 1009210.2423 1009212.1743 1.9320 1.9320 1.0000 1/1//1 0/0/0 0.0000 
505 1460 98 32 1009225.6417 1009228.1079 2.4662 1.9320 1.2765 1/1//1 0/0/0 0.1859 
506 1460 65 18 1009230.0479 1009231.9799 1.9320 1.9320 1.0000 1/1//1 0/0/0 0.0000 
507 1460 84 130 1009302.0672 1009303.9992 1.9320 1.9320 1.0000 1/1//1 0/0/0 0.0000 
508 2920 119 36 1009312.0207 1009314.3028 2.2822 2.2320 1.0225 2/2//2 0/0/0 0.0000 
509 1460 120 131 1009319.2928 1009321.2248 1.9320 1.9320 1.0000 1/1//1 0/0/0 0.0000 
510 5840 7 105 1009327.9529 1009331.0432 3.0903 2.8320 1.0912 4/4//4 0/0/0 0.0000 
501 941700 105 15 1009141.4992 1009336.7366 195.2374 195.1320 1.0005 645/645//645 0/0/0 0.0000 
511 1460 92 123 1009369.5824 1009371.5144 1.9320 1.9320 1.0000 1/1//1 0/0/0 0.0000 
512 1460 23 56 1009380.3980 1009382.3300 1.9320 1.9320 1.0000 1/1//1 0/0/0 0.0000 
513 1460 86 142 1009385.4050 1009387.3853 1.9803 1.9320 1.0250 1/1//1 0/0/0 0.0000 
514 1460 35 69 1009388.3953 1009390.3273 1.9320 1.9320 1.0000 1/1//1 0/0/0 0.0000 
515 4380 94 39 1009389.4726 1009392.0761 2.6035 2.5320 1.0282 3/3//3 0/0/0 0.0000 
516 1460 5 122 1009414.4956 1009416.5588 2.0632 1.9320 1.0679 1/1//1 0/0/0 0.0000 
517 8760 3 99 1009419.4304 1009422.8624 3.4320 3.4320 1.0000 6/6//6 0/0/0 0.0000 
519 10220 137 48 1009507.9703 1009511.7023 3.7320 3.7320 1.0000 7/7//7 0/0/0 0.0000 
521 1460 134 5 1009541.7025 1009543.9788 2.2763 1.9320 1.1782 1/1//1 0/0/0 0.1877 
522 2920 76 34 1009552.1325 1009554.5949 2.4624 2.2320 1.1032 2/2//2 0/0/0 0.1700 
523 4380 47 86 1009554.7351 1009557.2671 2.5320 2.5320 1.0000 3/3//3 0/0/0 0.0000 
525 1460 1 12 1009613.7658 1009615.2978 1.5319 1.1240 1.3629 1/1//1 0/0/0 0.2134 
524 5840 115 59 1009612.9573 1009615.7893 2.8320 2.8320 1.0000 4/4//4 0/0/0 0.0000 
527 5840 7 105 1009650.3103 1009653.1423 2.8320 2.8320 1.0000 4/4//4 0/0/0 0.0000 
526 7300 125 64 1009650.0067 1009653.2093 3.2026 3.1320 1.0225 5/5//5 0/0/0 0.0000 
528 1460 110 93 1009655.7381 1009657.7059 1.9678 1.9320 1.0185 1/1//1 0/0/0 0.0000 
529 4380 8 114 1009658.7672 1009661.2992 2.5320 2.5320 1.0000 3/3//3 0/0/0 0.0000 
530 2920 78 125 1009698.2464 1009700.4976 2.2512 2.2320 1.0086 2/2//2 0/0/0 0.0000 
531 2920 81 89 1009724.8029 1009726.2269 1.4240 1.4240 1.0000 2/2//2 0/0/0 0.0000 
533 1460 16 106 1009768.4478 1009770.3798 1.9320 1.9320 1.0000 1/1//1 0/0/0 0.0000 
532 363540 15 51 1009754.1335 1009830.5568 76.4233 76.3320 1.0012 249/249//249 0/0/0 0.0000 
534 5840 97 3 1009829.1909 1009832.0229 2.8320 2.8320 1.0000 4/4//4 0/0/0 0.0000 
535 1460 64 104 1009830.3349 1009832.3009 1.9660 1.9320 1.0176 1/1//1 0/0/0 0.0000 
536 210240 123 139 1009838.3549 1009883.2481 44.8931 44.8320 1.0014 144/144//144 0/0/0 0.0000 
538 1460 32 76 1009920.8002 1009923.2516 2.4514 1.9320 1.2688 1/1//1 0/0/0 0.0000 
539 4380 68 10 1009923.6981 1009926.2461 2.5480 2.5320 1.0063 3/3//3 0/0/0 0.0000 
540 1460 29 46 1009951.4847 1009953.4167 1.9320 1.9320 1.0000 1/1//1 0/0/0 0.0000 
541 1460 31 65 1009954.8582 1009956.7929 1.9347 1.9320 1.0014 1/1//1 0/0/0 0.0000 
537 220460 35 69 1009911.2298 1009958.2199 46.9901 46.9320 1.0012 151/151//151 0/0/0 0.0000 
542 5840 115 59 1009990.5547 1009993.3879 2.8332 2.8320 1.0004 4/4//4 0/0/0 0.0000 
543 1460 27 68 1010003.2453 1010005.1996 1.9543 1.9320 1.0115 1/1//1 0/0/0 0.0000 
544 4380 114 83 1010015.2689 1010017.8813 2.6123 2.5320 1.0317 3/3//3 0/0/0 0.0000 
545 1460 72 87 1010030.6375 1010032.5976 1.9600 1.9320 1.0145 1/1//1 0/0/0 0.0000 
546 1460 114 83 1010038.1661 1010040.0981 1.9320 1.9320 1.0000 1/1//1 0/0/0 0.0000 
548 1460 105 15 1010092.6142 1010094.5462 1.9320 1.9320 1.0000 1/1//1 0/0/0 0.0000 
549 1460 4 84 1010105.6709 1010107.6029 1.9320 1.9320 1.0000 1/1//1 0/0/0 0.0000 
547 131400 27 68 1010082.9954 1010111.6274 28.6320 28.6320 1.0000 90/90//90 0/0/0 0.0000 
550 7300 115 59 1010122.9202 1010126.0522 3.1320 3.1320 1.0000 5/5//5 0/0/0 0.0000 
552 2920 48 92 1010141.9079 1010144.2143 2.3064 2.2320 1.0333 2/2//2 0/0/0 0.0000 
553 1460 104 77 1010148.2491 1010150.2079 1.9588 1.9320 1.0139 1/1//1 0/0/0 0.0000 
554 1460 24 80 1010155.7892 1010157.8962 2.1070 1.9320 1.0906 1/1//1 0/0/0 0.0070 
555 1460 49 63 1010188.8204 1010190.2001 1.3797 1.1240 1.2275 1/1//1 0/0/0 0.0000 
558 1460 97 3 1010223.5542 1010225.4862 1.9320 1.9320 1.0000 1/1//1 0/0/0 0.0000 
556 173740 52 79 1010192.3253 1010229.7321 37.4068 37.3320 1.0020 119/119//119 0/0/0 0.0000 
559 1460 11 85 1010232.4863 1010234.4183 1.9320 1.9320 1.0000 1/1//1 0/0/0 0.0000 
560 1460 129 102 1010260.8703 1010263.3406 2.4703 1.9320 1.2786 1/1//1 0/0/0 0.2175 
561 1460 41 26 1010295.4270 1010297.3590 1.9320 1.9320 1.0000 1/1//1 0/0/0 0.0000 
562 1460 109 49 1010312.8451 1010315.0579 2.2129 1.9320 1.1454 1/1//1 0/0/0 0.0608 
563 8760 124 22 1010316.7199 1010320.4804 3.7605 3.4320 1.0957 6/6//6 0/0/0 0.0300 
564 1460 66 73 1010323.9217 1010325.0457 1.1240 1.1240 1.0000 1/1//1 0/0/0 0.0000 
567 2920 53 70 1010346.9299 1010349.5351 2.6052 2.2320 1.1672 2/2//2 0/0/0 0.0000 
568 2920 118 91 1010369.1019 1010371.3459 2.2440 2.2320 1.0054 2/2//2 0/0/0 0.0000 
565 235060 39 50 1010324.7211 1010374.7281 50.0070 49.9320 1.0015 161/161//161 0/0/0 0.0000 
569 1460 105 15 1010374.0457 1010375.9777 1.9320 1.9320 1.0000 1/1//1 0/0/0 0.0000 
570 1460 110 93 1010391.6229 1010393.5738 1.9509 1.9320 1.0098 1/1//1 0/0/0 0.0000 
571 4380 65 18 1010396.9557 1010399.4996 2.5439 2.5320 1.0047 3/3//3 0/0/0 0.0000 
572 1460 39 50 1010432.4096 1010434.3936 1.9840 1.9320 1.0269 1/1//1 0/0/0 0.0000 
573 208780 116 60 1010477.0320 1010522.9756 45.9436 44.5320 1.0317 143/143//143 0/0/0 0.0000 
551 1927200 16 106 1010129.2129 1010526.9226 397.7096 397.6320 1.0002 1320/1320//1320 0/0/0 0.0000 
575 8760 30 121 1010529.5724 1010533.0468 3.4745 3.4320 1.0124 6/6//6 0/0/0 0.0000 
576 1460 131 127 1010560.9012 1010562.8909 1.9897 1.9320 1.0299 1/1//1 0/0/0 0.0000 
577 4380 12 31 1010561.8231 1010564.5673 2.7442 2.5320 1.0838 3/3//3 0/0/0 0.0000 
574 348940 88 113 1010496.3998 1010569.8296 73.4298 73.3320 1.0013 239/239//239 0/0/0 0.0000 
578 2920 56 141 1010575.7682 1010578.0266 2.2584 2.2320 1.0118 2/2//2 0/0/0 0.0000 
579 1460 105 15 1010593.7166 1010595.7149 1.9983 1.9320 1.0343 1/1//1 0/0/0 0.0000 
580 1460 79 115 1010609.9247 1010611.8567 1.9320 1.9320 1.0000 1/1//1 0/0/0 0.0000 
581 5840 68 10 1010631.3037 1010634.2239 2.9202 2.8320 1.0311 4/4//4 0/0/0 0.0000 
585 1460 130 112 1010701.6445 1010704.2468 2.6023 1.9320 1.3470 1/1//1 0/0/0 0.1803 
586 1460 66 73 1010710.7021 1010711.8261 1.1240 1.1240 1.0000 1/1//1 0/0/0 0.0000 
582 188340 125 64 1010675.0394 1010715.5056 40.4662 40.3320 1.0033 129/129//129 0/0/0 0.0000 
587 4380 64 104 1010719.6114 1010722.1434 2.5320 2.5320 1.0000 3/3//3 0/0/0 0.0000 
557 2527260 28 53 1010214.8383 1010735.9089 521.0705 520.9320 1.0003 1731/1731//1731 0/0/0 0.0000 
588 4380 85 19 1010733.3441 1010736.1162 2.7721 2.5320 1.0948 3/3//3 0/0/0 0.0000 
583 255500 67 82 1010685.6676 1010739.8716 54.2040 54.1320 1.0013 175/175//175 0/0/0 0.0000 
589 1460 48 92 1010764.3895 1010766.3215 1.9320 1.9320 1.0000 1/1//1 0/0/0 0.0000 
591 4380 84 130 1010796.9485 1010799.5356 2.5871 2.5320 1.0218 3/3//3 0/0/0 0.0000 
592 1460 106 136 1010798.3994 1010800.3314 1.9320 1.9320 1.0000 1/1//1 0/0/0 0.0000 
595 1460 96 4 1010847.0876 1010849.0196 1.9320 1.9320 1.0000 1/1//1 0/0/0 0.0000 
596 1460 49 63 1010855.2040 1010856.5771 1.3731 1.1240 1.2216 1/1//1 0/0/0 0.0000 
597 2920 93 28 1010859.8411 1010862.0731 2.2320 2.2320 1.0000 2/2//2 0/0/0 0.0000 
598 1460 5 122 1010866.9625 1010869.1668 2.2043 1.9320 1.1410 1/1//1 0/0/0 0.0000 
590 438000 24 80 1010790.5003 1010884.8122 94.3119 91.6320 1.0292 300/300//300 0/0/0 0.0000 
599 1460 80 54 1010887.7318 1010890.3531 2.6213 1.9320 1.3568 1/1//1 0/0/0 0.2501 
593 366460 40 52 1010816.8751 1010893.8976 77.0225 76.9320 1.0012 251/251//251 0/0/0 0.0000 
600 1460 13 37 1010901.8587 1010903.8309 1.9722 1.9320 1.0208 1/1//1 0/0/0 0.0000 
594 334340 23 56 1010833.6909 1010904.0989 70.4080 70.3320 1.0011 229/229//229 0/0/0 0.0000 
601 7300 107 38 1010911.6230 1010914.8096 3.1866 3.1320 1.0174 5/5//5 0/0/0 0.0000 
602 8760 0 74 1010936.9820 1010941.1286 4.1466 3.4320 1.2082 6/6//6 0/0/0 0.1366 
603 1460 73 98 1010951.0090 1010953.1476 2.1386 1.9320 1.1069 1/1//1 0/0/0 0.0000 
606 1460 86 142 1011068.9152 1011070.8472 1.9320 1.9320 1.0000 1/1//1 0/0/0 0.0000 
607 1460 20 40 1011100.8651 1011102.8426 1.9775 1.9320 1.0235 1/1//1 0/0/0 0.0000 
608 1460 60 33 1011107.6041 1011109.7681 2.1640 1.9320 1.1201 1/1//1 0/0/0 0.1595 
604 781100 132 13 1010968.6099 1011130.8188 162.2089 162.1320 1.0005 535/535//535 0/0/0 0.0000 
609 1460 43 143 1011147.3995 1011149.3315 1.9320 1.9320 1.0000 1/1//1 0/0/0 0.0000 
610 1460 81 89 1011175.0076 1011176.1316 1.1240 1.1240 1.0000 1/1//1 0/0/0 0.0000 
611 1460 107 38 1011188.1666 1011190.0986 1.9320 1.9320 1.0000 1/1//1 0/0/0 0.0000 
612 4380 24 80 1011200.9019 1011203.7362 2.8343 2.5320 1.1194 3/3//3 0/0/0 0.0000 
613 1460 3 99 1011211.0396 1011212.9716 1.9320 1.9320 1.0000 1/1//1 0/0/0 0.0000 
614 1460 142 8 1011238.6993 1011240.6973 1.9979 1.9320 1.0341 1/1//1 0/0/0 0.0000 
616 1460 139 61 1011242.6414 1011244.5734 1.9320 1.9320 1.0000 1/1//1 0/0/0 0.0000 
615 1460 10 124 1011242.2789 1011244.9499 2.6710 1.9320 1.3825 1/1//1 0/0/0 0.2473 
584 2609020 130 112 1010692.5248 1011245.0948 552.5700 537.7320 1.0276 1787/1787//1787 0/0/0 0.0000 
617 1460 17 128 1011256.5561 1011258.4881 1.9320 1.9320 1.0000 1/1//1 0/0/0 0.0000 
618 4380 105 15 1011278.8383 1011281.3895 2.5511 2.5320 1.0076 3/3//3 0/0/0 0.0000 
619 4380 43 143 1011308.0884 1011310.6756 2.5872 2.5320 1.0218 3/3//3 0/0/0 0.0000 
620 1460 37 108 1011333.2400 1011335.6029 2.3629 1.9320 1.2230 1/1//1 0/0/0 0.2789 
621 1460 14 2 1011340.7700 1011341.9045 1.1345 1.1240 1.0093 1/1//1 0/0/0 0.0105 
622 1460 8 114 1011344.8246 1011346.7948 1.9702 1.9320 1.0198 1/1//1 0/0/0 0.0000 
623 1460 112 119 1011350.2094 1011351.6068 1.3974 1.1240 1.2433 1/1//1 0/0/0 0.2734 
624 1460 83 126 1011350.7641 1011352.7298 1.9658 1.9320 1.0175 1/1//1 0/0/0 0.0000 
355 24510480 10 124 1006252.8327 1011365.6859 5112.8531 5038.0320 1.0149 16788/16788//16788 0/0/0 0.0000 
625 1460 32 76 1011395.2984 1011397.4596 2.1611 1.9320 1.1186 1/1//1 0/0/0 0.0000 
628 1460 54 129 1011436.7197 1011439.1201 2.4004 1.9320 1.2424 1/1//1 0/0/0 0.1374 
629 4380 127 16 1011448.1973 1011450.7698 2.5726 2.5320 1.0160 3/3//3 0/0/0 0.0000 
626 210240 16 106 1011411.2338 1011456.1580 44.9242 44.8320 1.0021 144/144//144 0/0/0 0.0000 
632 1460 124 22 1011470.8576 1011473.0059 2.1483 1.9320 1.1120 1/1//1 0/0/0 0.2163 
633 2920 50 29 1011478.6238 1011480.9109 2.2871 2.2320 1.0247 2/2//2 0/0/0 0.0000 
634 1460 104 77 1011495.8486 1011497.7806 1.9320 1.9320 1.0000 1/1//1 0/0/0 0.0000 
635 4380 105 15 1011559.7039 1011562.3058 2.6019 2.5320 1.0276 3/3//3 0/0/0 0.0000 
637 1460 111 11 1011604.0497 1011605.9817 1.9320 1.9320 1.0000 1/1//1 0/0/0 0.0000 
639 2920 1 12 1011618.9486 1011620.6858 1.7372 1.4240 1.2199 2/2//2 0/0/0 0.1107 
638 2920 13 37 1011618.4900 1011620.8469 2.3569 2.2320 1.0560 2/2//2 0/0/0 0.0000 
299 32854380 100 71 1004867.7825 1011623.1545 6755.3720 6752.5320 1.0004 22503/22503//22503 0/0/0 0.0000 
641 8760 28 53 1011625.9055 1011629.3375 3.4320 3.4320 1.0000 6/6//6 0/0/0 0.0000 
642 1460 52 79 1011657.8528 1011659.8289 1.9761 1.9320 1.0228 1/1//1 0/0/0 0.0000 
643 1460 108 110 1011704.2840 1011705.5702 1.2862 1.1240 1.1443 1/1//1 0/0/0 0.0000 
646 1460 35 69 1011776.4471 1011778.3972 1.9501 1.9320 1.0094 1/1//1 0/0/0 0.0000 
647 1460 100 71 1011787.0987 1011789.2299 2.1312 1.9320 1.1031 1/1//1 0/0/0 0.0000 
648 1460 22 120 1011804.2303 1011806.3939 2.1636 1.9320 1.1199 1/1//1 0/0/0 0.0000 
649 5840 123 139 1011841.3946 1011844.2627 2.8681 2.8320 1.0128 4/4//4 0/0/0 0.0000 
650 1460 45 90 1011848.2560 1011850.2586 2.0026 1.9320 1.0366 1/1//1 0/0/0 0.0000 
651 1460 39 50 1011877.2441 1011879.3976 2.1535 1.9320 1.1146 1/1//1 0/0/0 0.1476 
652 1460 40 52 1011878.7161 1011880.7769 2.0608 1.9320 1.0667 1/1//1 0/0/0 0.0000 
653 1460 38 44 1011896.8559 1011898.0668 1.2109 1.1240 1.0774 1/1//1 0/0/0 0.0000 
654 1460 53 70 1011916.3067 1011918.3239 2.0172 1.9320 1.0441 1/1//1 0/0/0 0.0000 
655 1460 59 21 1011926.0300 1011927.9620 1.9320 1.9320 1.0000 1/1//1 0/0/0 0.0000 
630 2340380 44 20 1011451.8508 1011934.3908 482.5400 482.5320 1.0000 1603/1603//1603 0/0/0 0.0000 
657 1460 62 58 1011961.2828 1011962.4068 1.1240 1.1240 1.0000 1/1//1 0/0/0 0.0000 
658 2920 116 60 1011968.2202 1011970.4916 2.2714 2.2320 1.0177 2/2//2 0/0/0 0.0000 
660 4380 82 67 1011981.4926 1011984.0246 2.5320 2.5320 1.0000 3/3//3 0/0/0 0.0000 
661 1460 24 80 1011989.1525 1011991.2442 2.0917 1.9320 1.0827 1/1//1 0/0/0 0.0000 
662 7300 71 78 1011999.9799 1012002.5299 2.5500 2.3240 1.0973 5/5//5 0/0/0 0.2260 
663 1460 22 120 1012001.4164 1012003.5019 2.0855 1.9320 1.0794 1/1//1 0/0/0 0.0000 
664 4380 18 138 1012004.5953 1012007.1546 2.5593 2.5320 1.0108 3/3//3 0/0/0 0.0000 
665 4380 12 31 1012030.3102 1012033.1113 2.8011 2.5320 1.1063 3/3//3 0/0/0 0.0000 
659 359160 38 44 1011968.9997 1012043.6237 74.6240 74.6240 1.0000 246/246//246 0/0/0 0.0000 
631 2839700 118 91 1011460.0557 1012045.1877 585.1320 585.1320 1.0000 1945/1945//1945 0/0/0 0.0000 
666 2920 35 69 1012049.1704 1012051.4441 2.2737 2.2320 1.0187 2/2//2 0/0/0 0.0000 
667 1460 14 2 1012083.7762 1012085.0045 1.2283 1.1240 1.0928 1/1//1 0/0/0 0.1043 
669 1460 28 53 1012103.9585 1012105.9433 1.9848 1.9320 1.0274 1/1//1 0/0/0 0.0000 
636 2717060 76 34 1011561.9297 1012122.0859 560.1562 559.9320 1.0004 1861/1861//1861 0/0/0 0.0888 
670 1460 86 142 1012134.3049 1012136.2853 1.9804 1.9320 1.0250 1/1//1 0/0/0 0.0000 
668 283240 15 51 1012086.2453 1012146.2203 59.9750 59.8320 1.0024 194/194//194 0/0/0 0.0000 
671 27740 90 118 1012141.3667 1012148.6987 7.3320 7.3320 1.0000 19/19//19 0/0/0 0.0000 
673 7300 110 93 1012264.6443 1012267.7763 3.1320 3.1320 1.0000 5/5//5 0/0/0 0.0000 
674 7300 24 80 1012269.9338 1012273.2842 3.3504 3.1320 1.0697 5/5//5 0/0/0 0.0000 
675 1460 12 31 1012277.9184 1012280.1273 2.2089 1.9320 1.1433 1/1//1 0/0/0 0.0000 
676 1460 141 23 1012292.7865 1012294.7185 1.9320 1.9320 1.0000 1/1//1 0/0/0 0.0000 
677 1460 48 92 1012330.1573 1012332.2009 2.0436 1.9320 1.0577 1/1//1 0/0/0 0.0000 
656 1854200 55 35 1011955.4413 1012338.2617 382.8204 382.6320 1.0005 1270/1270//1270 0/0/0 0.0000 
678 1460 87 1 1012336.5788 1012339.1248 2.5461 1.9320 1.3178 1/1//1 0/0/0 0.0368 
679 1460 55 35 1012367.5923 1012369.5243 1.9320 1.9320 1.0000 1/1//1 0/0/0 0.0000 
680 1460 74 140 1012371.4601 1012373.7893 2.3292 1.9320 1.2056 1/1//1 0/0/0 0.1325 
682 1460 64 104 1012382.1492 1012384.1009 1.9517 1.9320 1.0102 1/1//1 0/0/0 0.0000 
684 1460 101 57 1012383.9548 1012386.4496 2.4948 1.9320 1.2913 1/1//1 0/0/0 0.0198 
683 35040 74 140 1012383.5166 1012392.8853 9.3686 8.8320 1.0608 24/24//24 0/0/0 0.0880 
685 1460 56 141 1012394.4020 1012396.4009 1.9989 1.9320 1.0346 1/1//1 0/0/0 0.0000 
687 1460 40 52 1012402.1175 1012404.1056 1.9881 1.9320 1.0290 1/1//1 0/0/0 0.0000 
688 1460 82 67 1012411.3754 1012413.3074 1.9320 1.9320 1.0000 1/1//1 0/0/0 0.0000 
689 1460 105 15 1012421.1974 1012423.1294 1.9320 1.9320 1.0000 1/1//1 0/0/0 0.0000 
691 1460 121 9 1012439.7835 1012442.0133 2.2297 1.9320 1.1541 1/1//1 0/0/0 0.1513 
690 11680 64 104 1012438.6224 1012442.7242 4.1017 4.0320 1.0173 8/8//8 0/0/0 0.0000 
692 1460 56 141 1012446.7341 1012448.6866 1.9525 1.9320 1.0106 1/1//1 0/0/0 0.0000 
693 1460 52 79 1012451.3751 1012453.3406 1.9655 1.9320 1.0173 1/1//1 0/0/0 0.0000 
694 1460 37 108 1012452.3202 1012454.6009 2.2807 1.9320 1.1805 1/1//1 0/0/0 0.2147 
695 1460 85 19 1012490.5655 1012492.6242 2.0587 1.9320 1.0656 1/1//1 0/0/0 0.0000 
681 586920 55 35 1012378.0724 1012500.4362 122.3638 122.2320 1.0011 402/402//402 0/0/0 0.0000 
696 10220 78 125 1012562.1470 1012566.1699 4.0229 3.7320 1.0780 7/7//7 0/0/0 0.0000 
697 1460 74 140 1012585.6825 1012588.1573 2.4748 1.9320 1.2809 1/1//1 0/0/0 0.2781 
698 1460 126 133 1012617.1547 1012619.0867 1.9320 1.9320 1.0000 1/1//1 0/0/0 0.0000 
699 8760 10 124 1012641.0405 1012644.6339 3.5934 3.4320 1.0470 6/6//6 0/0/0 0.0000 
700 1460 92 123 1012645.7188 1012647.6508 1.9320 1.9320 1.0000 1/1//1 0/0/0 0.0000 
701 4380 105 15 1012661.7209 1012664.2529 2.5320 2.5320 1.0000 3/3//3 0/0/0 0.0000 
702 1460 13 37 1012670.3625 1012672.4298 2.0674 1.9320 1.0701 1/1//1 0/0/0 0.0000 
704 1460 40 52 1012695.9122 1012697.8737 1.9615 1.9320 1.0153 1/1//1 0/0/0 0.0000 
705 1460 71 78 1012707.1565 1012708.4859 1.3294 1.1240 1.1828 1/1//1 0/0/0 0.1494 
707 1460 105 15 1012725.2213 1012727.2148 1.9934 1.9320 1.0318 1/1//1 0/0/0 0.0000 
703 264260 98 32 1012678.3120 1012736.0637 57.7518 55.9320 1.0325 181/181//181 0/0/0 0.2236 
708 1460 132 13 1012741.5558 1012743.5168 1.9611 1.9320 1.0151 1/1//1 0/0/0 0.0000 
706 81760 87 1 1012724.4271 1012744.1316 19.7045 18.4320 1.0690 56/56//56 0/0/0 0.2925 
709 1460 43 143 1012749.7592 1012751.6912 1.9320 1.9320 1.0000 1/1//1 0/0/0 0.0000 
710 4380 81 89 1012758.1903 1012759.9143 1.7240 1.7240 1.0000 3/3//3 0/0/0 0.0000 
711 1460 101 57 1012844.2110 1012846.8899 2.6789 1.9320 1.3866 1/1//1 0/0/0 0.2636 
713 1460 138 14 1012876.2894 1012878.5316 2.2422 1.9320 1.1605 1/1//1 0/0/0 0.0000 
686 2422140 32 76 1012397.9766 1012911.0316 513.0550 499.3320 1.0275 1659/1659//1659 0/0/0 0.0000 
716 1460 51 109 1012977.8882 1012979.8259 1.9377 1.9320 1.0029 1/1//1 0/0/0 0.0000 
717 1460 123 139 1012987.7034 1012989.6905 1.9871 1.9320 1.0285 1/1//1 0/0/0 0.0000 
719 2920 57 45 1013009.0623 1013011.5601 2.4978 2.2320 1.1191 2/2//2 0/0/0 0.2556 
718 10220 74 140 1013008.3721 1013012.5813 4.2091 3.7320 1.1278 7/7//7 0/0/0 0.1645 
720 1460 105 15 1013010.7405 1013012.6725 1.9320 1.9320 1.0000 1/1//1 0/0/0 0.0000 
721 1460 37 108 1013022.4242 1013024.6507 2.2265 1.9320 1.1524 1/1//1 0/0/0 0.1187 
722 1460 8 114 1013036.5143 1013038.8048 2.2906 1.9320 1.1856 1/1//1 0/0/0 0.0000 
724 1460 37 108 1013051.7396 1013054.0507 2.3111 1.9320 1.1962 1/1//1 0/0/0 0.2033 
725 1460 116 60 1013053.4261 1013055.5996 2.1735 1.9320 1.1250 1/1//1 0/0/0 0.0000 
727 2920 108 110 1013069.3871 1013070.9467 1.5597 1.4240 1.0953 2/2//2 0/0/0 0.0000 
728 1460 58 41 1013074.5776 1013076.8102 2.2326 1.9320 1.1556 1/1//1 0/0/0 0.0000 
726 119720 5 122 1013063.3885 1013090.4711 27.0826 26.2320 1.0324 82/82//82 0/0/0 0.0000 
730 1460 73 98 1013088.2925 1013090.5506 2.2581 1.9320 1.1688 1/1//1 0/0/0 0.0000 
731 1460 77 81 1013102.1318 1013104.0638 1.9320 1.9320 1.0000 1/1//1 0/0/0 0.0000 
224 45181160 37 108 1003822.0789 1013110.2522 9288.1733 9285.4320 1.0003 30946/30946//30946 0/0/0 0.0000 
732 2920 55 35 1013113.2573 1013115.5399 2.2827 2.2320 1.0227 2/2//2 0/0/0 0.0000 
723 325580 132 13 1013049.0460 1013117.6458 68.5998 68.5320 1.0010 223/223//223 0/0/0 0.0000 
733 1460 20 40 1013127.2259 1013129.2169 1.9910 1.9320 1.0305 1/1//1 0/0/0 0.0000 
734 1460 42 43 1013171.3659 1013172.4899 1.1240 1.1240 1.0000 1/1//1 0/0/0 0.0000 
735 1460 106 136 1013179.5229 1013181.5148 1.9919 1.9320 1.0310 1/1//1 0/0/0 0.0000 
737 1460 58 41 1013215.5336 1013217.5182 1.9846 1.9320 1.0272 1/1//1 0/0/0 0.0000 
736 10220 130 112 1013214.9071 1013218.8508 3.9438 3.7320 1.0567 7/7//7 0/0/0 0.0000 
738 1460 73 98 1013237.1929 1013239.3738 2.1809 1.9320 1.1288 1/1//1 0/0/0 0.0000 
739 2920 0 74 1013254.8130 1013257.6069 2.7939 2.2320 1.2517 2/2//2 0/0/0 0.0392 
740 2920 109 49 1013309.2348 1013311.6971 2.4623 2.2320 1.1032 2/2//2 0/0/0 0.0791 
741 27740 69 47 1013318.8966 1013326.2809 7.3843 7.3320 1.0071 19/19//19 0/0/0 0.0000 
742 2920 16 106 1013324.6669 1013326.9069 2.2400 2.2320 1.0036 2/2//2 0/0/0 0.0000 
744 1460 6 107 1013353.7493 1013355.6813 1.9320 1.9320 1.0000 1/1//1 0/0/0 0.0000 
743 1460 140 72 1013353.6191 1013355.8486 2.2295 1.9320 1.1540 1/1//1 0/0/0 0.0000 
745 1460 74 140 1013356.1228 1013358.4653 2.3425 1.9320 1.2125 1/1//1 0/0/0 0.1458 
746 1460 80 54 1013370.0725 1013372.2171 2.1446 1.9320 1.1100 1/1//1 0/0/0 0.0104 
747 2920 75 27 1013371.7347 1013373.9846 2.2499 2.2320 1.0080 2/2//2 0/0/0 0.0000 
748 1460 46 95 1013409.8861 1013411.8181 1.9320 1.9320 1.0000 1/1//1 0/0/0 0.0000 
749 1460 99 0 1013417.0035 1013418.9973 1.9937 1.9320 1.0319 1/1//1 0/0/0 0.0000 
750 1460 24 80 1013424.5626 1013426.7922 2.2296 1.9320 1.1540 1/1//1 0/0/0 0.0000 
751 1460 72 87 1013430.1287 1013432.0607 1.9320 1.9320 1.0000 1/1//1 0/0/0 0.0000 
752 1460 10 124 1013437.1818 1013439.3419 2.1601 1.9320 1.1181 1/1//1 0/0/0 0.0000 
754 1460 56 141 1013460.6742 1013462.6199 1.9457 1.9320 1.0071 1/1//1 0/0/0 0.0000 
755 1460 80 54 1013467.8070 1013470.1611 2.3540 1.9320 1.2184 1/1//1 0/0/0 0.1933 
756 1460 38 44 1013478.1933 1013479.3173 1.1240 1.1240 1.0000 1/1//1 0/0/0 0.0000 
757 1460 43 143 1013487.5891 1013489.5606 1.9715 1.9320 1.0205 1/1//1 0/0/0 0.0000 
758 1460 68 10 1013522.7653 1013524.7662 2.0008 1.9320 1.0356 1/1//1 0/0/0 0.0000 
759 1460 47 86 1013550.6089 1013552.6132 2.0042 1.9320 1.0374 1/1//1 0/0/0 0.0000 
760 2920 38 44 1013580.3149 1013581.7389 1.4240 1.4240 1.0000 2/2//2 0/0/0 0.0000 
715 2979860 100 71 1012952.9804 1013583.3459 630.3655 613.9320 1.0268 2041/2041//2041 0/0/0 0.0000 
761 1460 109 49 1013583.1277 1013585.2971 2.1694 1.9320 1.1229 1/1//1 0/0/0 0.0862 
762 2920 2 17 1013591.1371 1013593.6125 2.4754 2.2320 1.1090 2/2//2 0/0/0 0.0000 
763 1460 85 19 1013610.8678 1013612.8322 1.9644 1.9320 1.0168 1/1//1 0/0/0 0.0000 
764 214620 84 130 1013628.2325 1013674.0876 45.8551 45.7320 1.0027 147/147//147 0/0/0 0.0000 
766 1460 124 22 1013678.1850 1013680.1706 1.9856 1.9320 1.0277 1/1//1 0/0/0 0.0448 
765 93440 97 3 1013660.3153 1013681.2209 20.9056 20.8320 1.0035 64/64//64 0/0/0 0.0000 
768 1460 105 15 1013702.8598 1013704.7918 1.9320 1.9320 1.0000 1/1//1 0/0/0 0.0000 
770 1460 108 110 1013706.2904 1013707.4144 1.1240 1.1240 1.0000 1/1//1 0/0/0 0.0000 
767 235060 65 18 1013687.2122 1013737.2116 49.9994 49.9320 1.0013 161/161//161 0/0/0 0.0000 
769 259880 72 87 1013703.6066 1013760.3466 56.7400 55.0320 1.0310 178/178//178 0/0/0 0.0000 
771 1460 97 3 1013762.9714 1013764.9209 1.9495 1.9320 1.0090 1/1//1 0/0/0 0.0000 
190 51837300 14 2 1003065.1325 1013785.1285 10719.9960 10652.3240 1.0064 35509/35505//35505 4/0/4 0.0000 
773 1460 103 88 1013792.4453 1013794.5155 2.0701 1.9320 1.0715 1/1//1 0/0/0 0.0000 
774 8760 119 36 1013797.0942 1013800.7948 3.7006 3.4320 1.0783 6/6//6 0/0/0 0.0000 
775 1460 81 89 1013804.5273 1013805.6513 1.1240 1.1240 1.0000 1/1//1 0/0/0 0.0000 
776 10220 141 23 1013807.8010 1013811.5488 3.7478 3.7320 1.0042 7/7//7 0/0/0 0.0000 
777 1460 10 124 1013811.1135 1013813.1499 2.0364 1.9320 1.0540 1/1//1 0/0/0 0.0000 
778 1460 25 42 1013815.2102 1013817.1706 1.9604 1.9320 1.0147 1/1//1 0/0/0 0.0000 
779 1460 110 93 1013849.5530 1013851.5048 1.9518 1.9320 1.0103 1/1//1 0/0/0 0.0000 
782 1460 118 91 1013857.2477 1013859.1954 1.9477 1.9320 1.0081 1/1//1 0/0/0 0.0000 
783 1460 117 55 1013859.0235 1013860.9555 1.9320 1.9320 1.0000 1/1//1 0/0/0 0.0000 
784 2920 19 24 1013864.3753 1013866.1082 1.7329 1.4240 1.2169 2/2//2 0/0/0 0.2449 
785 4380 122 30 1013867.1937 1013869.7507 2.5570 2.5320 1.0099 3/3//3 0/0/0 0.0000 
786 1460 70 25 1013891.4143 1013893.6019 2.1876 1.9320 1.1323 1/1//1 0/0/0 0.0976 
781 268640 125 64 1013855.4417 1013912.3158 56.8741 56.8320 1.0007 184/184//184 0/0/0 0.0000 
787 1460 15 51 1013913.0056 1013914.9376 1.9320 1.9320 1.0000 1/1//1 0/0/0 0.0000 
712 5181540 88 113 1012854.9955 1013921.4063 1066.4108 1066.3320 1.0001 3549/3549//3549 0/0/0 0.0000 
788 1460 80 54 1013931.7370 1013934.3171 2.5801 1.9320 1.3355 1/1//1 0/0/0 0.1679 
789 4380 59 21 1013941.7259 1013944.5134 2.7875 2.5320 1.1009 3/3//3 0/0/0 0.0000 
790 1460 99 0 1013946.9429 1013948.9228 1.9799 1.9320 1.0248 1/1//1 0/0/0 0.0000 
791 1460 4 84 1013953.5233 1013955.4553 1.9320 1.9320 1.0000 1/1//1 0/0/0 0.0000 
792 1460 112 119 1013972.9594 1013974.3108 1.3515 1.1240 1.2024 1/1//1 0/0/0 0.1795 
645 10790860 71 78 1011747.8979 1013984.1579 2236.2600 2218.1240 1.0082 7391/7391//7391 0/0/0 0.0000 
793 1460 120 131 1013989.5367 1013991.4954 1.9587 1.9320 1.0138 1/1//1 0/0/0 0.0000 
794 7300 127 16 1014014.1349 1014017.2669 3.1320 3.1320 1.0000 5/5//5 0/0/0 0.0000 
795 1460 51 109 1014038.8643 1014040.9339 2.0696 1.9320 1.0712 1/1//1 0/0/0 0.0000 
796 1460 27 68 1014065.7947 1014067.8012 2.0065 1.9320 1.0386 1/1//1 0/0/0 0.0000 
798 4380 5 122 1014091.0747 1014093.6951 2.6203 2.5320 1.0349 3/3//3 0/0/0 0.0000 
800 2920 110 93 1014098.4028 1014100.6954 2.2926 2.2320 1.0271 2/2//2 0/0/0 0.0000 
799 10220 105 15 1014097.1743 1014100.9063 3.7320 3.7320 1.0000 7/7//7 0/0/0 0.0000 
801 1460 64 104 1014100.3226 1014102.2998 1.9772 1.9320 1.0234 1/1//1 0/0/0 0.0000 
797 59860 26 66 1014088.8578 1014103.2036 14.3458 13.9320 1.0297 41/41//41 0/0/0 0.0000 
802 1460 59 21 1014104.7960 1014106.8214 2.0254 1.9320 1.0484 1/1//1 0/0/0 0.0000 
803 1460 131 127 1014114.9666 1014116.8986 1.9320 1.9320 1.0000 1/1//1 0/0/0 0.0000 
804 1460 137 48 1014123.4921 1014125.4826 1.9904 1.9320 1.0303 1/1//1 0/0/0 0.0000 
805 1460 113 97 1014141.8247 1014144.1954 2.3707 1.9320 1.2271 1/1//1 0/0/0 0.0000 
807 1460 11 85 1014187.6742 1014189.6062 1.9320 1.9320 1.0000 1/1//1 0/0/0 0.0000 
806 113880 64 104 1014180.6991 1014205.7918 25.0928 25.0320 1.0024 78/78//78 0/0/0 0.0000 
809 1460 2 17 1014241.1120 1014243.0440 1.9320 1.9320 1.0000 1/1//1 0/0/0 0.0000 
810 1460 90 118 1014246.4964 1014248.4284 1.9320 1.9320 1.0000 1/1//1 0/0/0 0.0000 
811 1460 130 112 1014260.7749 1014262.8588 2.0840 1.9320 1.0787 1/1//1 0/0/0 0.0000 
812 1460 27 68 1014269.7728 1014271.8876 2.1148 1.9320 1.0946 1/1//1 0/0/0 0.0000 
814 2920 87 1 1014279.2851 1014282.2233 2.9382 2.2320 1.3164 2/2//2 0/0/0 0.1582 
816 1460 45 90 1014303.4189 1014305.6338 2.2149 1.9320 1.1464 1/1//1 0/0/0 0.0030 
817 1460 83 126 1014313.7596 1014315.6916 1.9320 1.9320 1.0000 1/1//1 0/0/0 0.0000 
813 289080 0 74 1014275.5876 1014338.6766 63.0890 61.0320 1.0337 198/198//198 0/0/0 0.0781 
818 2920 127 16 1014360.9355 1014363.1954 2.2599 2.2320 1.0125 2/2//2 0/0/0 0.0000 
820 1460 134 5 1014411.5200 1014414.0288 2.5088 1.9320 1.2985 1/1//1 0/0/0 0.2702 
823 1460 107 38 1014443.0821 1014445.0552 1.9731 1.9320 1.0213 1/1//1 0/0/0 0.0000 
824 1460 70 25 1014443.7459 1014445.9561 2.2102 1.9320 1.1440 1/1//1 0/0/0 0.0660 
819 322660 11 85 1014395.9568 1014463.9623 68.0054 67.9320 1.0011 221/221//221 0/0/0 0.0000 
825 4380 99 0 1014465.1096 1014467.7439 2.6343 2.5320 1.0404 3/3//3 0/0/0 0.0000 
826 1460 7 105 1014468.7780 1014470.7100 1.9320 1.9320 1.0000 1/1//1 0/0/0 0.0000 
827 1460 31 65 1014501.4967 1014503.7233 2.2266 1.9320 1.1525 1/1//1 0/0/0 0.0000 
828 1460 113 97 1014506.5618 1014508.7034 2.1416 1.9320 1.1085 1/1//1 0/0/0 0.0000 
829 1460 8 114 1014520.3205 1014522.3128 1.9924 1.9320 1.0312 1/1//1 0/0/0 0.0000 
831 1460 109 49 1014529.0230 1014531.1971 2.1741 1.9320 1.1253 1/1//1 0/0/0 0.0989 
832 1460 96 4 1014537.0154 1014538.9877 1.9723 1.9320 1.0208 1/1//1 0/0/0 0.0000 
833 1460 9 100 1014564.4594 1014566.4783 2.0188 1.9320 1.0450 1/1//1 0/0/0 0.0000 
672 11754460 142 8 1012151.9712 1014569.0328 2417.0616 2416.9320 1.0001 8051/8051//8051 0/0/0 0.0000 
835 1460 133 132 1014595.4911 1014596.6151 1.1240 1.1240 1.0000 1/1//1 0/0/0 0.0000 
836 4380 104 77 1014596.3323 1014598.9386 2.6063 2.5320 1.0294 3/3//3 0/0/0 0.0000 
834 151840 107 38 1014591.5974 1014624.6012 33.0038 32.8320 1.0052 104/104//104 0/0/0 0.0000 
837 2920 33 117 1014663.8892 1014666.1559 2.2667 2.2320 1.0155 2/2//2 0/0/0 0.0000 
838 1460 99 0 1014667.6176 1014669.6164 1.9988 1.9320 1.0346 1/1//1 0/0/0 0.0000 
839 1460 118 91 1014671.9855 1014673.9175 1.9320 1.9320 1.0000 1/1//1 0/0/0 0.0000 
840 1460 56 141 1014675.3506 1014677.3168 1.9662 1.9320 1.0177 1/1//1 0/0/0 0.0000 
841 1460 132 13 1014698.0973 1014700.0293 1.9320 1.9320 1.0000 1/1//1 0/0/0 0.0000 
842 1460 101 57 1014708.4996 1014711.2139 2.7142 1.9320 1.4049 1/1//1 0/0/0 0.2579 
843 1460 139 61 1014710.8136 1014713.0298 2.2162 1.9320 1.1471 1/1//1 0/0/0 0.0000 
844 1460 24 80 1014746.4593 1014748.6002 2.1409 1.9320 1.1081 1/1//1 0/0/0 0.0000 
815 2233800 47 86 1014290.5602 1014751.2522 460.6920 460.6320 1.0001 1530/1530//1530 0/0/0 0.0000 
391 36651840 54 129 1007038.6171 1014772.9121 7734.2950 7532.8320 1.0267 25104/25104//25104 0/0/0 0.0000 
846 1460 28 53 1014791.8176 1014793.7496 1.9320 1.9320 1.0000 1/1//1 0/0/0 0.0000 
847 1460 106 136 1014797.6867 1014799.6187 1.9320 1.9320 1.0000 1/1//1 0/0/0 0.0000 
848 1460 51 109 1014856.0842 1014858.1954 2.1112 1.9320 1.0928 1/1//1 0/0/0 0.0000 
849 1460 52 79 1014880.0246 1014881.9617 1.9371 1.9320 1.0026 1/1//1 0/0/0 0.0000 
830 1817700 95 116 1014527.1336 1014902.3383 375.2046 375.1320 1.0002 1245/1245//1245 0/0/0 0.0000 
851 4380 55 35 1014944.8055 1014947.3966 2.5910 2.5320 1.0233 3/3//3 0/0/0 0.0000 
852 2920 17 128 1014949.7708 1014952.0028 2.2320 2.2320 1.0000 2/2//2 0/0/0 0.0000 
853 1460 2 17 1014972.1849 1014974.1169 1.9320 1.9320 1.0000 1/1//1 0/0/0 0.0000 
854 1460 62 58 1014994.4305 1014995.5545 1.1240 1.1240 1.0000 1/1//1 0/0/0 0.0000 
855 1460 139 61 1015033.4318 1015035.5378 2.1060 1.9320 1.0901 1/1//1 0/0/0 0.0000 
627 17068860 57 45 1011434.5139 1015037.8841 3603.3702 3508.9320 1.0269 11691/11691//11691 0/0/0 0.0000 
845 1322760 9 100 1014759.0756 1015039.9263 280.8507 273.4320 1.0271 906/906//906 0/0/0 0.0000 
