0 10 124 1000034.8576 1000037.3896 4380 3 1460 2920 4380 4380 3 3 3 4380 0 0 0 3 3 3 2.2320 2.5320 2.5320 0 
2 82 67 1000124.0644 1000126.5964 4380 3 1460 2920 4380 4380 3 3 3 4380 0 0 0 3 3 3 2.2320 2.5320 2.5320 1 
3 85 19 1000131.7075 1000133.6395 1460 1 0 0 1460 1460 1 1 1 1460 0 0 0 1 1 1 1.9320 1.9320 1.9320 1 
4 102 94 1000139.5188 1000141.4508 1460 1 0 0 1460 1460 1 1 1 1460 0 0 0 1 1 1 1.9320 1.9320 1.9320 2 
5 97 3 1000140.2866 1000142.2186 1460 1 0 0 1460 1460 1 1 1 1460 0 0 0 1 1 1 1.9320 1.9320 1.9320 1 
6 62 58 1000160.6670 1000161.7910 1460 1 0 0 1460 1460 1 1 1 1460 0 0 0 1 1 1 1.1240 1.1240 1.1240 1 
1 95 116 1000089.3387 1000167.4714 372300 255 1460 370840 372300 372300 255 255 255 372300 0 0 0 14 15 15 4.4391 5.2320 4.5000 0 
7 99 0 1000200.7229 1000202.6549 1460 1 0 0 1460 1460 1 1 1 1460 0 0 0 1 1 1 1.9320 1.9320 1.9320 0 
8 26 66 1000202.9700 1000204.9020 1460 1 0 0 1460 1460 1 1 1 1460 0 0 0 1 1 1 1.9320 1.9320 1.9320 0 
9 87 1 1000255.9881 1000257.9201 1460 1 0 0 1460 1460 1 1 1 1460 0 0 0 1 1 1 1.9320 1.9320 1.9320 0 
2020-04-22.14:02:42 Simulator ended. Execution time: 0.000000000 seconds
